Station Name: FAIRYHOUSE RACECOURSE
Station Height: 91 M 
Latitude:53.485  ,Longitude: -6.463


date:  -  09 to 09 utc
rain:  -  Precipitation Amount (mm)
ind:   -  Indicator

date,ind,rain
01-apr-2002,0,2.400
02-apr-2002,0,0.900
03-apr-2002,0,0.000
04-apr-2002,0,0.000
05-apr-2002,0,0.000
06-apr-2002,0,0.000
07-apr-2002,0,0.000
08-apr-2002,0,0.000
09-apr-2002,0,0.000
10-apr-2002,0,0.000
11-apr-2002,0,0.000
12-apr-2002,0,0.700
13-apr-2002,0,0.000
14-apr-2002,0,0.000
15-apr-2002,0,0.000
16-apr-2002,0,12.500
17-apr-2002,0,26.400
18-apr-2002,0,0.500
19-apr-2002,0,0.000
20-apr-2002,1,4.700
21-apr-2002,1,2.100
22-apr-2002,0,0.000
23-apr-2002,0,0.000
24-apr-2002,0,0.000
25-apr-2002,0,5.200
26-apr-2002,1,1.400
27-apr-2002,1,10.000
28-apr-2002,1,6.100
29-apr-2002,0,5.000
30-apr-2002,0,0.500
01-may-2002,0,5.400
02-may-2002,0,1.000
03-may-2002,0,0.000
04-may-2002,0,0.000
05-may-2002,0,0.000
06-may-2002,1,0.000
07-may-2002,1,1.900
08-may-2002,0,0.000
09-may-2002,0,0.000
10-may-2002,0,0.000
11-may-2002,0,0.000
12-may-2002,0,2.900
13-may-2002,0,0.600
14-may-2002,0,0.600
15-may-2002,0,0.000
16-may-2002,0,0.900
17-may-2002,0,41.400
18-may-2002,1,1.200
19-may-2002,1,1.700
20-may-2002,0,1.200
21-may-2002,0,2.300
22-may-2002,0,6.600
23-may-2002,0,4.200
24-may-2002,0,2.400
25-may-2002,0,0.000
26-may-2002,0,1.000
27-may-2002,0,8.000
28-may-2002,0,4.900
29-may-2002,0,4.800
30-may-2002,0,0.200
31-may-2002,0,0.000
01-jun-2002,1,9.000
02-jun-2002,1,3.900
03-jun-2002,1,0.300
04-jun-2002,0,1.300
05-jun-2002,0,0.000
06-jun-2002,0,4.500
07-jun-2002,0,1.100
08-jun-2002,1,6.000
09-jun-2002,1,1.800
10-jun-2002,0,1.800
11-jun-2002,0,1.100
12-jun-2002,0,0.600
13-jun-2002,0,7.000
14-jun-2002,1,12.100
15-jun-2002,0,0.000
16-jun-2002,0,8.500
17-jun-2002,0,0.000
18-jun-2002,0,0.000
19-jun-2002,0,0.000
20-jun-2002,0,3.500
21-jun-2002,1,9.300
22-jun-2002,1,0.600
23-jun-2002,1,2.500
24-jun-2002,0,0.000
25-jun-2002,0,0.000
26-jun-2002,0,0.400
27-jun-2002,0,0.000
28-jun-2002,1,0.200
29-jun-2002,1,0.700
30-jun-2002,1,3.600
01-jul-2002,0,2.000
02-jul-2002,0,0.300
03-jul-2002,0,0.000
04-jul-2002,0,10.000
05-jul-2002,0,1.800
06-jul-2002,1,0.300
07-jul-2002,1,3.500
08-jul-2002,0,0.400
09-jul-2002,0,0.100
10-jul-2002,0,1.400
11-jul-2002,0,17.000
12-jul-2002,0,4.800
13-jul-2002,0,0.000
14-jul-2002,0,0.000
15-jul-2002,0,0.000
16-jul-2002,0,0.000
17-jul-2002,0,0.000
18-jul-2002,0,0.700
19-jul-2002,0,4.700
20-jul-2002,0,0.000
21-jul-2002,0,0.000
22-jul-2002,0,1.400
23-jul-2002,0,0.000
24-jul-2002,0,0.000
25-jul-2002,0,0.000
26-jul-2002,0,0.000
27-jul-2002,1,0.000
28-jul-2002,1,10.700
29-jul-2002,0,3.600
30-jul-2002,0,0.100
31-jul-2002,0,4.500
01-aug-2002,0,4.200
02-aug-2002,0,3.600
03-aug-2002,0,2.600
04-aug-2002,0,0.000
05-aug-2002,0,0.000
06-aug-2002,0,8.200
07-aug-2002,0,0.000
08-aug-2002,0,5.000
09-aug-2002,0,0.000
10-aug-2002,1,1.600
11-aug-2002,1,1.300
12-aug-2002,0,0.600
13-aug-2002,0,14.400
14-aug-2002,0,0.900
15-aug-2002,0,0.000
16-aug-2002,0,0.000
17-aug-2002,0,0.300
18-aug-2002,0,0.000
19-aug-2002,0,1.100
20-aug-2002,0,0.000
21-aug-2002,0,0.000
22-aug-2002,0,0.200
23-aug-2002,1,0.500
24-aug-2002,1,0.000
25-aug-2002,0,0.000
26-aug-2002,0,0.000
27-aug-2002,0,0.500
28-aug-2002,0,2.100
29-aug-2002,0,1.100
30-aug-2002,0,2.500
31-aug-2002,0,0.000
01-sep-2002,0,0.000
02-sep-2002,0,0.000
03-sep-2002,0,0.000
04-sep-2002,1,0.000
05-sep-2002,1,1.800
06-sep-2002,0,0.200
07-sep-2002,1,2.300
08-sep-2002,1,2.200
09-sep-2002,0,0.200
10-sep-2002,0,0.000
11-sep-2002,0,0.000
12-sep-2002,0,0.000
13-sep-2002,0,0.000
14-sep-2002,0,0.000
15-sep-2002,0,0.000
16-sep-2002,0,0.000
17-sep-2002,0,0.000
18-sep-2002,0,0.000
19-sep-2002,0,0.000
20-sep-2002,0,0.000
21-sep-2002,0,0.000
22-sep-2002,0,0.000
23-sep-2002,0,0.000
24-sep-2002,0,0.000
25-sep-2002,0,0.000
26-sep-2002,0,0.000
27-sep-2002,0,0.000
28-sep-2002,0,0.000
29-sep-2002,0,1.200
30-sep-2002,0,8.600
01-oct-2002,0,0.000
02-oct-2002,0,7.900
03-oct-2002,0,0.000
04-oct-2002,0,0.000
05-oct-2002,0,0.000
06-oct-2002,0,0.000
07-oct-2002,0,1.100
08-oct-2002,0,34.100
09-oct-2002,0,0.000
10-oct-2002,0,9.800
11-oct-2002,0,21.300
12-oct-2002,1,0.700
13-oct-2002,1,2.300
14-oct-2002,0,4.700
15-oct-2002,0,8.100
16-oct-2002,0,0.000
17-oct-2002,0,0.000
18-oct-2002,0,0.000
19-oct-2002,0,0.000
20-oct-2002,0,28.400
21-oct-2002,0,29.600
22-oct-2002,0,0.000
23-oct-2002,0,0.000
24-oct-2002,0,4.100
25-oct-2002,0,5.300
26-oct-2002,0,9.000
27-oct-2002,1,0.400
28-oct-2002,1,10.000
29-oct-2002,0,10.300
30-oct-2002,0,0.000
31-oct-2002,0,0.100
01-nov-2002,0,6.500
02-nov-2002,1,15.000
03-nov-2002,1,0.600
04-nov-2002,0,0.200
05-nov-2002,0,2.300
06-nov-2002,0,0.200
07-nov-2002,0,8.100
08-nov-2002,0,7.600
09-nov-2002,1,12.000
10-nov-2002,1,0.800
11-nov-2002,0,1.000
12-nov-2002,0,0.000
13-nov-2002,0,32.400
14-nov-2002,0,39.200
15-nov-2002,0,4.300
16-nov-2002,1,0.000
17-nov-2002,1,0.600
18-nov-2002,0,0.400
19-nov-2002,0,0.300
20-nov-2002,0,1.600
21-nov-2002,0,3.300
22-nov-2002,0,0.100
23-nov-2002,1,1.600
24-nov-2002,1,0.300
25-nov-2002,0,0.100
26-nov-2002,0,7.000
27-nov-2002,0,4.000
28-nov-2002,0,0.000
29-nov-2002,0,0.200
30-nov-2002,0,6.900
01-dec-2002,0,3.300
02-dec-2002,0,0.700
03-dec-2002,0,3.500
04-dec-2002,0,0.500
05-dec-2002,0,0.000
06-dec-2002,0,0.000
07-dec-2002,1,2.800
08-dec-2002,1,0.300
09-dec-2002,0,0.000
10-dec-2002,0,0.500
11-dec-2002,0,0.100
12-dec-2002,0,1.000
13-dec-2002,0,0.100
14-dec-2002,1,0.400
15-dec-2002,1,0.700
16-dec-2002,0,0.700
17-dec-2002,0,0.000
18-dec-2002,0,0.000
19-dec-2002,0,3.200
20-dec-2002,0,1.100
21-dec-2002,1,13.300
22-dec-2002,1,1.500
23-dec-2002,0,0.000
24-dec-2002,1,0.300
25-dec-2002,1,4.200
26-dec-2002,1,6.600
27-dec-2002,1,0.100
28-dec-2002,1,17.200
29-dec-2002,1,16.800
30-dec-2002,0,2.800
31-dec-2002,0,11.300
01-jan-2003,0,0.400
02-jan-2003,0,7.300
03-jan-2003,0,2.600
04-jan-2003,0,0.000
05-jan-2003,0,0.000
06-jan-2003,0,0.000
07-jan-2003,0,0.000
08-jan-2003,0,3.700
09-jan-2003,0,0.600
10-jan-2003,0,0.000
11-jan-2003,1,0.000
12-jan-2003,1,1.000
13-jan-2003,0,1.600
14-jan-2003,0,1.900
15-jan-2003,0,0.000
16-jan-2003,0,9.200
17-jan-2003,0,0.000
18-jan-2003,0,8.100
19-jan-2003,0,5.900
20-jan-2003,0,0.800
21-jan-2003,0,0.300
22-jan-2003,0,0.000
23-jan-2003,0,0.000
24-jan-2003,0,5.100
25-jan-2003,1,0.100
26-jan-2003,1,0.000
27-jan-2003,0,1.400
28-jan-2003,0,8.000
29-jan-2003,0,2.600
30-jan-2003,0,0.000
31-jan-2003,0,1.100
01-feb-2003,0,1.200
02-feb-2003,1,0.200
03-feb-2003,1,0.200
04-feb-2003,0,0.500
05-feb-2003,0,0.500
06-feb-2003,0,0.600
07-feb-2003,0,0.100
08-feb-2003,1,3.200
09-feb-2003,1,1.100
10-feb-2003,0,2.700
11-feb-2003,0,0.200
12-feb-2003,0,0.000
13-feb-2003,0,0.000
14-feb-2003,0,0.000
15-feb-2003,0,0.000
16-feb-2003,0,0.000
17-feb-2003,0,0.000
18-feb-2003,0,0.000
19-feb-2003,0,0.000
20-feb-2003,0,2.400
21-feb-2003,0,0.000
22-feb-2003,0,0.000
23-feb-2003,0,0.000
24-feb-2003,0,0.000
25-feb-2003,0,1.400
26-feb-2003,0,1.500
27-feb-2003,0,0.200
28-feb-2003,0,10.700
01-mar-2003,0,2.500
02-mar-2003,0,4.000
03-mar-2003,0,1.200
04-mar-2003,0,0.500
05-mar-2003,0,0.000
06-mar-2003,0,0.600
07-mar-2003,0,1.900
08-mar-2003,1,3.400
09-mar-2003,1,6.300
10-mar-2003,0,2.300
11-mar-2003,0,1.000
12-mar-2003,0,0.000
13-mar-2003,0,0.000
14-mar-2003,0,0.000
15-mar-2003,0,0.000
16-mar-2003,0,0.000
17-mar-2003,0,0.100
18-mar-2003,0,0.100
19-mar-2003,0,0.000
20-mar-2003,0,0.000
21-mar-2003,0,0.000
22-mar-2003,1,0.000
23-mar-2003,1,0.100
24-mar-2003,0,0.000
25-mar-2003,0,0.100
26-mar-2003,0,0.000
27-mar-2003,0,0.000
28-mar-2003,0,0.400
29-mar-2003,0,0.000
30-mar-2003,0,0.000
31-mar-2003,0,3.100
01-apr-2003,0,0.200
02-apr-2003,0,0.200
03-apr-2003,0,0.000
04-apr-2003,0,0.000
05-apr-2003,0,0.000
06-apr-2003,0,0.100
07-apr-2003,0,0.000
08-apr-2003,0,0.000
09-apr-2003,0,0.000
10-apr-2003,0,0.000
11-apr-2003,0,0.000
12-apr-2003,0,0.000
13-apr-2003,0,9.400
14-apr-2003,0,0.000
15-apr-2003,0,0.000
16-apr-2003,0,0.000
17-apr-2003,0,0.000
18-apr-2003,0,0.000
19-apr-2003,0,0.000
20-apr-2003,0,0.500
21-apr-2003,0,1.900
22-apr-2003,0,0.000
23-apr-2003,0,0.000
24-apr-2003,0,7.600
25-apr-2003,0,1.100
26-apr-2003,1,9.000
27-apr-2003,1,14.600
28-apr-2003,0,2.800
29-apr-2003,0,1.700
30-apr-2003,0,6.500
01-may-2003,0,1.300
02-may-2003,0,2.100
03-may-2003,1,8.100
04-may-2003,1,17.700
05-may-2003,0,0.300
06-may-2003,0,1.300
07-may-2003,0,0.100
08-may-2003,0,0.000
09-may-2003,0,1.000
10-may-2003,1,0.600
11-may-2003,1,3.900
12-may-2003,0,0.100
13-may-2003,0,0.000
14-may-2003,0,0.000
15-may-2003,0,9.900
16-may-2003,0,2.500
17-may-2003,0,9.500
18-may-2003,0,2.900
19-may-2003,0,6.500
20-may-2003,0,6.200
21-may-2003,0,9.200
22-may-2003,0,1.000
23-may-2003,0,4.200
24-may-2003,0,0.800
25-may-2003,0,0.000
26-may-2003,0,2.000
27-may-2003,0,1.400
28-may-2003,0,3.800
29-may-2003,0,0.000
30-may-2003,0,0.000
31-may-2003,0,0.700
01-jun-2003,1,1.500
02-jun-2003,1,0.400
03-jun-2003,0,2.900
04-jun-2003,0,1.400
05-jun-2003,0,0.500
06-jun-2003,0,0.000
07-jun-2003,1,10.700
08-jun-2003,1,0.000
09-jun-2003,0,12.700
10-jun-2003,0,14.600
11-jun-2003,0,1.700
12-jun-2003,0,0.000
13-jun-2003,0,0.000
14-jun-2003,0,0.000
15-jun-2003,0,0.000
16-jun-2003,0,0.000
17-jun-2003,0,0.000
18-jun-2003,0,0.500
19-jun-2003,0,0.300
20-jun-2003,0,0.000
21-jun-2003,0,0.000
22-jun-2003,0,0.000
23-jun-2003,0,0.000
24-jun-2003,0,0.000
25-jun-2003,0,0.000
26-jun-2003,0,13.000
27-jun-2003,0,7.400
28-jun-2003,0,0.000
29-jun-2003,0,13.800
30-jun-2003,0,16.800
01-jul-2003,0,0.700
02-jul-2003,0,0.700
03-jul-2003,0,0.100
04-jul-2003,0,0.000
05-jul-2003,0,0.000
06-jul-2003,0,0.500
07-jul-2003,0,0.900
08-jul-2003,0,1.000
09-jul-2003,0,0.000
10-jul-2003,0,1.400
11-jul-2003,0,0.000
12-jul-2003,0,0.000
13-jul-2003,0,1.400
14-jul-2003,0,0.500
15-jul-2003,0,1.300
16-jul-2003,0,0.000
17-jul-2003,0,1.800
18-jul-2003,0,4.400
19-jul-2003,1,0.400
20-jul-2003,1,1.800
21-jul-2003,0,0.300
22-jul-2003,0,3.700
23-jul-2003,0,0.300
24-jul-2003,0,2.000
25-jul-2003,0,0.000
26-jul-2003,0,0.000
27-jul-2003,0,5.000
28-jul-2003,0,21.000
29-jul-2003,0,5.400
30-jul-2003,0,3.600
31-jul-2003,0,0.000
01-aug-2003,0,0.000
02-aug-2003,1,1.000
03-aug-2003,1,0.000
04-aug-2003,0,0.000
05-aug-2003,0,4.400
06-aug-2003,0,0.100
07-aug-2003,0,0.000
08-aug-2003,0,0.200
09-aug-2003,0,0.000
10-aug-2003,0,0.100
11-aug-2003,0,0.000
12-aug-2003,0,0.100
13-aug-2003,0,0.000
14-aug-2003,0,0.000
15-aug-2003,0,0.000
16-aug-2003,0,0.000
17-aug-2003,0,0.600
18-aug-2003,0,0.000
19-aug-2003,0,0.000
20-aug-2003,0,0.000
21-aug-2003,0,1.000
22-aug-2003,0,3.400
23-aug-2003,0,0.100
24-aug-2003,0,0.000
25-aug-2003,0,0.000
26-aug-2003,0,0.000
27-aug-2003,0,0.000
28-aug-2003,0,0.500
29-aug-2003,0,0.000
30-aug-2003,0,0.000
31-aug-2003,0,0.000
01-sep-2003,0,0.000
02-sep-2003,0,0.000
03-sep-2003,0,0.000
04-sep-2003,0,0.000
05-sep-2003,0,0.300
06-sep-2003,1,0.100
07-sep-2003,1,4.800
08-sep-2003,0,0.000
09-sep-2003,0,3.200
10-sep-2003,0,1.700
11-sep-2003,0,0.400
12-sep-2003,0,0.000
13-sep-2003,1,0.800
14-sep-2003,1,0.000
15-sep-2003,0,0.000
16-sep-2003,0,0.000
17-sep-2003,0,0.000
18-sep-2003,0,6.000
19-sep-2003,0,0.400
20-sep-2003,1,0.900
21-sep-2003,1,7.000
22-sep-2003,0,0.000
23-sep-2003,0,0.000
24-sep-2003,0,0.000
25-sep-2003,0,1.200
26-sep-2003,0,0.000
27-sep-2003,0,0.000
28-sep-2003,0,0.000
29-sep-2003,0,4.300
30-sep-2003,0,3.300
01-oct-2003,0,0.000
02-oct-2003,0,0.000
03-oct-2003,0,8.400
04-oct-2003,1,0.000
05-oct-2003,1,3.700
06-oct-2003,0,1.700
07-oct-2003,0,2.100
08-oct-2003,0,0.000
09-oct-2003,0,0.300
10-oct-2003,0,0.000
11-oct-2003,0,0.000
12-oct-2003,0,5.400
13-oct-2003,0,0.000
14-oct-2003,0,0.000
15-oct-2003,0,0.000
16-oct-2003,0,0.000
17-oct-2003,0,0.000
18-oct-2003,0,0.000
19-oct-2003,0,0.300
20-oct-2003,0,0.000
21-oct-2003,0,20.400
22-oct-2003,0,12.900
23-oct-2003,0,0.600
24-oct-2003,0,0.100
25-oct-2003,0,0.000
26-oct-2003,0,0.000
27-oct-2003,0,0.100
28-oct-2003,0,3.400
29-oct-2003,0,0.100
30-oct-2003,0,31.100
31-oct-2003,0,0.600
01-nov-2003,1,3.300
02-nov-2003,1,1.200
03-nov-2003,0,0.000
04-nov-2003,0,0.000
05-nov-2003,0,0.000
06-nov-2003,0,0.000
07-nov-2003,0,0.000
08-nov-2003,0,0.000
09-nov-2003,0,0.100
10-nov-2003,0,0.000
11-nov-2003,0,10.200
12-nov-2003,0,0.000
13-nov-2003,0,6.000
14-nov-2003,0,3.000
15-nov-2003,0,0.200
16-nov-2003,0,0.000
17-nov-2003,0,0.700
18-nov-2003,0,0.300
19-nov-2003,0,11.600
20-nov-2003,0,0.000
21-nov-2003,0,0.000
22-nov-2003,0,0.000
23-nov-2003,0,0.000
24-nov-2003,0,0.800
25-nov-2003,0,2.500
26-nov-2003,0,0.000
27-nov-2003,0,0.000
28-nov-2003,0,5.800
29-nov-2003,0,11.900
30-nov-2003,0,0.000
01-dec-2003,0,7.800
02-dec-2003,0,0.800
03-dec-2003,0,0.000
04-dec-2003,0,0.000
05-dec-2003,0,0.100
06-dec-2003,1,0.200
07-dec-2003,1,0.000
08-dec-2003,0,0.700
09-dec-2003,0,0.000
10-dec-2003,0,7.600
11-dec-2003,0,3.900
12-dec-2003,0,1.700
13-dec-2003,1,0.100
14-dec-2003,1,0.000
15-dec-2003,0,0.100
16-dec-2003,0,0.000
17-dec-2003,0,0.000
18-dec-2003,0,0.400
19-dec-2003,0,7.000
20-dec-2003,1,0.100
21-dec-2003,1,0.100
22-dec-2003,0,1.600
23-dec-2003,0,0.000
24-dec-2003,1,0.300
25-dec-2003,1,15.400
26-dec-2003,0,0.000
27-dec-2003,0,0.000
28-dec-2003,0,0.000
29-dec-2003,0,0.000
30-dec-2003,0,6.300
31-dec-2003,0,7.600
01-jan-2004,0,0.000
02-jan-2004,0,9.800
03-jan-2004,1,0.000
04-jan-2004,1,0.600
05-jan-2004,0,3.300
06-jan-2004,0,0.100
07-jan-2004,0,14.700
08-jan-2004,0,1.700
09-jan-2004,0,0.500
10-jan-2004,1,5.200
11-jan-2004,1,3.700
12-jan-2004,0,5.600
13-jan-2004,0,0.400
14-jan-2004,0,0.000
15-jan-2004,0,18.000
16-jan-2004,0,0.000
17-jan-2004,0,0.100
18-jan-2004,0,0.000
19-jan-2004,0,0.000
20-jan-2004,0,0.000
21-jan-2004,0,0.000
22-jan-2004,0,1.100
23-jan-2004,0,1.400
24-jan-2004,1,0.000
25-jan-2004,1,1.000
26-jan-2004,0,8.600
27-jan-2004,0,0.700
28-jan-2004,0,0.000
29-jan-2004,0,0.300
30-jan-2004,0,16.200
31-jan-2004,0,3.500
01-feb-2004,0,7.000
02-feb-2004,0,4.000
03-feb-2004,0,6.200
04-feb-2004,0,3.800
05-feb-2004,0,0.000
06-feb-2004,0,0.000
07-feb-2004,1,0.300
08-feb-2004,1,0.000
09-feb-2004,0,0.000
10-feb-2004,0,0.000
11-feb-2004,0,0.000
12-feb-2004,0,1.300
13-feb-2004,0,0.200
14-feb-2004,1,0.200
15-feb-2004,1,0.200
16-feb-2004,0,0.400
17-feb-2004,0,0.000
18-feb-2004,0,0.000
19-feb-2004,0,0.000
20-feb-2004,0,0.000
21-feb-2004,0,0.000
22-feb-2004,0,0.000
23-feb-2004,0,1.500
24-feb-2004,0,0.600
25-feb-2004,0,0.000
26-feb-2004,0,0.000
27-feb-2004,0,0.000
28-feb-2004,0,0.000
29-feb-2004,0,0.000
01-mar-2004,0,0.000
02-mar-2004,0,3.000
03-mar-2004,0,4.400
04-mar-2004,0,1.300
05-mar-2004,1,0.200
06-mar-2004,1,1.300
07-mar-2004,1,0.000
08-mar-2004,0,0.000
09-mar-2004,0,0.000
10-mar-2004,0,0.000
11-mar-2004,0,7.600
12-mar-2004,0,1.200
13-mar-2004,0,5.100
14-mar-2004,0,0.600
15-mar-2004,0,1.900
16-mar-2004,0,4.400
17-mar-2004,0,0.000
18-mar-2004,0,7.100
19-mar-2004,0,4.200
20-mar-2004,1,7.100
21-mar-2004,1,2.000
22-mar-2004,0,1.200
23-mar-2004,0,1.100
24-mar-2004,0,0.100
25-mar-2004,0,0.100
26-mar-2004,0,0.000
27-mar-2004,0,0.000
28-mar-2004,0,0.000
29-mar-2004,0,0.000
30-mar-2004,0,0.000
31-mar-2004,0,2.000
01-apr-2004,0,2.300
02-apr-2004,0,9.300
03-apr-2004,1,0.300
04-apr-2004,1,4.600
05-apr-2004,0,1.000
06-apr-2004,0,0.200
07-apr-2004,0,0.200
08-apr-2004,0,3.300
09-apr-2004,0,1.100
10-apr-2004,0,0.000
11-apr-2004,0,0.000
12-apr-2004,0,0.000
13-apr-2004,0,0.300
14-apr-2004,0,8.200
15-apr-2004,0,2.000
16-apr-2004,0,0.100
17-apr-2004,1,6.500
18-apr-2004,1,0.200
19-apr-2004,0,1.800
20-apr-2004,0,1.000
21-apr-2004,0,3.200
22-apr-2004,0,0.100
23-apr-2004,0,0.000
24-apr-2004,0,0.000
25-apr-2004,0,0.000
26-apr-2004,0,0.000
27-apr-2004,0,0.400
28-apr-2004,0,0.000
29-apr-2004,0,0.200
30-apr-2004,0,0.000
01-may-2004,1,0.000
02-may-2004,1,0.000
03-may-2004,1,12.500
04-may-2004,0,10.400
05-may-2004,0,6.400
06-may-2004,0,2.400
07-may-2004,0,0.000
08-may-2004,0,0.100
09-may-2004,0,0.000
10-may-2004,0,0.000
11-may-2004,0,0.000
12-may-2004,0,0.000
13-may-2004,0,0.000
14-may-2004,0,0.000
15-may-2004,0,0.000
16-may-2004,0,0.000
17-may-2004,0,0.000
18-may-2004,0,0.000
19-may-2004,0,0.700
20-may-2004,0,1.600
21-may-2004,0,0.000
22-may-2004,0,0.000
23-may-2004,0,0.000
24-may-2004,0,0.000
25-may-2004,0,0.000
26-may-2004,0,0.000
27-may-2004,0,17.400
28-may-2004,0,0.500
29-may-2004,0,0.000
30-may-2004,1,0.800
31-may-2004,1,2.200
01-jun-2004,0,4.600
02-jun-2004,0,0.100
03-jun-2004,0,1.200
04-jun-2004,1,0.400
05-jun-2004,1,0.000
06-jun-2004,0,0.000
07-jun-2004,0,0.000
08-jun-2004,0,0.000
09-jun-2004,0,0.000
10-jun-2004,0,2.100
11-jun-2004,0,5.000
12-jun-2004,0,0.000
13-jun-2004,0,0.000
14-jun-2004,0,0.000
15-jun-2004,0,0.000
16-jun-2004,0,0.100
17-jun-2004,0,1.000
18-jun-2004,0,3.500
19-jun-2004,1,0.500
20-jun-2004,1,2.100
21-jun-2004,0,0.600
22-jun-2004,0,25.600
23-jun-2004,0,4.500
24-jun-2004,0,0.700
25-jun-2004,1,5.600
26-jun-2004,1,0.500
27-jun-2004,1,0.400
28-jun-2004,0,4.700
29-jun-2004,0,2.800
30-jun-2004,0,2.300
01-jul-2004,0,1.100
02-jul-2004,0,2.300
03-jul-2004,0,1.600
04-jul-2004,0,0.900
05-jul-2004,0,4.000
06-jul-2004,0,0.000
07-jul-2004,0,1.100
08-jul-2004,0,0.000
09-jul-2004,0,0.000
10-jul-2004,1,3.000
11-jul-2004,1,3.100
12-jul-2004,0,0.100
13-jul-2004,0,3.500
14-jul-2004,0,1.300
15-jul-2004,0,5.300
16-jul-2004,0,3.100
17-jul-2004,0,0.000
18-jul-2004,0,0.000
19-jul-2004,0,0.400
20-jul-2004,0,2.400
21-jul-2004,0,0.000
22-jul-2004,0,0.000
23-jul-2004,0,0.000
24-jul-2004,1,0.000
25-jul-2004,1,0.900
26-jul-2004,0,0.000
27-jul-2004,0,0.200
28-jul-2004,0,0.000
29-jul-2004,0,2.400
30-jul-2004,0,0.000
31-jul-2004,0,0.000
01-aug-2004,0,0.000
02-aug-2004,1,1.900
03-aug-2004,1,0.400
04-aug-2004,0,0.000
05-aug-2004,0,0.600
06-aug-2004,0,0.000
07-aug-2004,0,0.000
08-aug-2004,0,0.800
09-aug-2004,0,0.100
10-aug-2004,0,0.100
11-aug-2004,0,7.300
12-aug-2004,0,1.400
13-aug-2004,0,0.000
14-aug-2004,0,0.000
15-aug-2004,0,10.600
16-aug-2004,0,2.200
17-aug-2004,0,13.000
18-aug-2004,0,24.700
19-aug-2004,0,9.600
20-aug-2004,0,0.000
21-aug-2004,0,0.200
22-aug-2004,0,22.100
23-aug-2004,0,17.000
24-aug-2004,0,0.600
25-aug-2004,0,0.900
26-aug-2004,0,1.000
27-aug-2004,0,0.000
28-aug-2004,0,0.000
29-aug-2004,0,2.200
30-aug-2004,0,0.000
31-aug-2004,0,0.000
01-sep-2004,0,0.100
02-sep-2004,0,0.300
03-sep-2004,0,0.000
04-sep-2004,0,0.000
05-sep-2004,0,0.000
06-sep-2004,0,0.000
07-sep-2004,0,0.000
08-sep-2004,0,0.000
09-sep-2004,0,0.000
10-sep-2004,0,3.800
11-sep-2004,1,0.600
12-sep-2004,1,4.700
13-sep-2004,0,1.800
14-sep-2004,0,0.100
15-sep-2004,0,0.800
16-sep-2004,0,4.200
17-sep-2004,0,6.600
18-sep-2004,1,0.000
19-sep-2004,1,4.800
20-sep-2004,0,0.000
21-sep-2004,0,2.000
22-sep-2004,0,3.800
23-sep-2004,0,0.000
24-sep-2004,0,1.100
25-sep-2004,1,0.200
26-sep-2004,1,0.200
27-sep-2004,0,0.100
28-sep-2004,0,1.800
29-sep-2004,0,25.400
30-sep-2004,0,0.100
01-oct-2004,0,3.800
02-oct-2004,1,2.400
03-oct-2004,1,24.200
04-oct-2004,0,0.000
05-oct-2004,0,0.100
06-oct-2004,0,0.600
07-oct-2004,0,0.600
08-oct-2004,0,2.500
09-oct-2004,1,0.100
10-oct-2004,1,0.000
11-oct-2004,0,0.000
12-oct-2004,0,3.300
13-oct-2004,0,2.400
14-oct-2004,0,1.300
15-oct-2004,0,0.100
16-oct-2004,0,0.000
17-oct-2004,0,0.900
18-oct-2004,0,2.300
19-oct-2004,0,1.200
20-oct-2004,0,27.500
21-oct-2004,0,0.000
22-oct-2004,0,13.700
23-oct-2004,0,5.800
24-oct-2004,0,0.600
25-oct-2004,0,0.000
26-oct-2004,0,0.000
27-oct-2004,0,26.100
28-oct-2004,0,18.900
29-oct-2004,0,1.000
30-oct-2004,0,0.000
31-oct-2004,0,0.000
01-nov-2004,0,0.000
02-nov-2004,0,0.100
03-nov-2004,0,0.600
04-nov-2004,0,0.000
05-nov-2004,0,0.000
06-nov-2004,0,0.000
07-nov-2004,0,0.300
08-nov-2004,0,0.400
09-nov-2004,0,0.000
10-nov-2004,0,0.100
11-nov-2004,0,0.000
12-nov-2004,0,0.200
13-nov-2004,0,0.000
14-nov-2004,0,0.000
15-nov-2004,0,0.000
16-nov-2004,0,0.900
17-nov-2004,0,7.000
18-nov-2004,0,11.500
19-nov-2004,0,7.000
20-nov-2004,1,8.500
21-nov-2004,1,0.300
22-nov-2004,0,0.300
23-nov-2004,0,0.000
24-nov-2004,0,0.000
25-nov-2004,0,6.600
26-nov-2004,0,0.100
27-nov-2004,0,1.200
28-nov-2004,0,0.100
29-nov-2004,0,0.000
30-nov-2004,0,2.400
01-dec-2004,0,0.000
02-dec-2004,0,0.300
03-dec-2004,1,0.300
04-dec-2004,1,0.600
05-dec-2004,1,0.000
06-dec-2004,0,0.300
07-dec-2004,0,0.000
08-dec-2004,0,0.000
09-dec-2004,0,0.400
10-dec-2004,0,0.500
11-dec-2004,0,0.000
12-dec-2004,0,0.000
13-dec-2004,0,0.400
14-dec-2004,0,4.500
15-dec-2004,0,2.300
16-dec-2004,0,4.900
17-dec-2004,0,1.300
18-dec-2004,1,8.100
19-dec-2004,1,0.500
20-dec-2004,0,1.400
21-dec-2004,0,8.300
22-dec-2004,0,1.800
23-dec-2004,1,0.500
24-dec-2004,1,3.700
25-dec-2004,1,3.700
26-dec-2004,1,0.000
27-dec-2004,1,4.000
28-dec-2004,0,0.100
29-dec-2004,0,0.400
30-dec-2004,0,3.400
31-dec-2004,0,0.900
01-jan-2005,1,5.500
02-jan-2005,1,0.000
03-jan-2005,1,2.500
04-jan-2005,0,0.000
05-jan-2005,0,5.500
06-jan-2005,0,1.700
07-jan-2005,0,38.100
08-jan-2005,1,2.600
09-jan-2005,1,1.200
10-jan-2005,0,0.000
11-jan-2005,0,2.600
12-jan-2005,0,0.000
13-jan-2005,0,0.200
14-jan-2005,0,0.700
15-jan-2005,0,0.000
16-jan-2005,0,1.200
17-jan-2005,0,2.700
18-jan-2005,0,0.800
19-jan-2005,0,3.800
20-jan-2005,0,2.300
21-jan-2005,1,4.900
22-jan-2005,1,7.600
23-jan-2005,1,0.000
24-jan-2005,0,0.200
25-jan-2005,0,1.700
26-jan-2005,0,0.000
27-jan-2005,0,0.600
28-jan-2005,0,0.000
29-jan-2005,1,0.200
30-jan-2005,1,0.000
31-jan-2005,0,0.000
01-feb-2005,0,0.100
02-feb-2005,0,0.000
03-feb-2005,0,0.000
04-feb-2005,1,2.300
05-feb-2005,1,0.000
06-feb-2005,1,4.100
07-feb-2005,0,0.700
08-feb-2005,0,1.300
09-feb-2005,0,4.200
10-feb-2005,0,0.000
11-feb-2005,1,6.700
12-feb-2005,1,1.800
13-feb-2005,1,0.000
14-feb-2005,0,0.000
15-feb-2005,0,0.000
16-feb-2005,0,0.500
17-feb-2005,0,0.000
18-feb-2005,0,0.100
19-feb-2005,0,0.000
20-feb-2005,0,1.000
21-feb-2005,0,6.800
22-feb-2005,0,2.900
23-feb-2005,0,6.100
24-feb-2005,0,3.400
25-feb-2005,1,1.000
26-feb-2005,1,0.000
27-feb-2005,1,0.000
28-feb-2005,0,0.800
01-mar-2005,0,0.000
02-mar-2005,0,3.000
03-mar-2005,0,0.300
04-mar-2005,0,0.000
05-mar-2005,0,0.000
06-mar-2005,0,0.000
07-mar-2005,0,0.000
08-mar-2005,0,0.000
09-mar-2005,0,0.100
10-mar-2005,0,0.000
11-mar-2005,0,0.000
12-mar-2005,0,0.000
13-mar-2005,0,0.400
14-mar-2005,1,5.300
15-mar-2005,1,0.000
16-mar-2005,0,0.600
17-mar-2005,0,0.000
18-mar-2005,0,0.000
19-mar-2005,0,0.000
20-mar-2005,0,9.100
21-mar-2005,0,17.800
22-mar-2005,0,0.000
23-mar-2005,0,1.200
24-mar-2005,0,0.800
25-mar-2005,0,0.000
26-mar-2005,0,0.000
27-mar-2005,0,1.100
28-mar-2005,0,1.800
29-mar-2005,0,0.000
30-mar-2005,0,0.100
31-mar-2005,0,10.000
01-apr-2005,0,0.900
02-apr-2005,0,0.000
03-apr-2005,0,0.000
04-apr-2005,0,1.000
05-apr-2005,0,9.800
06-apr-2005,0,3.600
07-apr-2005,0,2.900
08-apr-2005,0,0.000
09-apr-2005,0,0.600
10-apr-2005,0,0.000
11-apr-2005,0,0.900
12-apr-2005,0,0.000
13-apr-2005,0,0.800
14-apr-2005,0,4.500
15-apr-2005,0,0.000
16-apr-2005,0,0.000
17-apr-2005,0,16.800
18-apr-2005,0,0.800
19-apr-2005,0,0.100
20-apr-2005,0,0.900
21-apr-2005,0,0.000
22-apr-2005,1,0.600
23-apr-2005,1,1.300
24-apr-2005,0,0.000
25-apr-2005,0,5.700
26-apr-2005,0,4.300
27-apr-2005,0,6.600
28-apr-2005,0,0.100
29-apr-2005,0,2.000
30-apr-2005,0,0.900
01-may-2005,0,0.000
02-may-2005,0,21.400
03-may-2005,0,16.200
04-may-2005,0,0.000
05-may-2005,0,0.100
06-may-2005,0,0.000
07-may-2005,1,1.800
08-may-2005,1,0.100
09-may-2005,0,0.200
10-may-2005,0,0.000
11-may-2005,0,0.000
12-may-2005,0,0.000
13-may-2005,0,0.000
14-may-2005,0,0.000
15-may-2005,0,0.000
16-may-2005,0,0.500
17-may-2005,0,0.000
18-may-2005,0,3.400
19-may-2005,0,1.000
20-may-2005,1,0.400
21-may-2005,1,6.800
22-may-2005,1,12.900
23-may-2005,0,10.900
24-may-2005,0,6.300
25-may-2005,0,1.800
26-may-2005,0,1.600
27-may-2005,0,0.000
28-may-2005,0,0.000
29-may-2005,0,0.000
30-may-2005,0,11.700
31-may-2005,0,3.500
01-jun-2005,0,1.600
02-jun-2005,0,6.200
03-jun-2005,1,1.800
04-jun-2005,1,0.100
05-jun-2005,0,0.000
06-jun-2005,0,0.000
07-jun-2005,0,0.000
08-jun-2005,0,0.000
09-jun-2005,0,0.000
10-jun-2005,0,0.000
11-jun-2005,0,0.000
12-jun-2005,0,0.000
13-jun-2005,0,0.000
14-jun-2005,0,2.600
15-jun-2005,0,2.000
16-jun-2005,0,0.100
17-jun-2005,0,0.000
18-jun-2005,0,0.000
19-jun-2005,0,0.000
20-jun-2005,0,0.100
21-jun-2005,0,0.000
22-jun-2005,0,0.000
23-jun-2005,0,2.400
24-jun-2005,0,0.600
25-jun-2005,0,0.000
26-jun-2005,0,0.000
27-jun-2005,0,0.000
28-jun-2005,0,1.400
29-jun-2005,0,10.400
30-jun-2005,0,0.000
01-jul-2005,0,5.200
02-jul-2005,1,2.000
03-jul-2005,1,3.700
04-jul-2005,0,0.500
05-jul-2005,0,6.700
06-jul-2005,0,0.200
07-jul-2005,0,0.400
08-jul-2005,0,1.200
09-jul-2005,0,0.000
10-jul-2005,0,0.100
11-jul-2005,0,0.000
12-jul-2005,0,0.000
13-jul-2005,0,0.000
14-jul-2005,0,0.000
15-jul-2005,0,0.000
16-jul-2005,0,0.000
17-jul-2005,0,1.200
18-jul-2005,0,0.000
19-jul-2005,0,0.000
20-jul-2005,0,0.600
21-jul-2005,0,0.000
22-jul-2005,0,0.000
23-jul-2005,1,1.900
24-jul-2005,1,0.000
25-jul-2005,0,0.000
26-jul-2005,0,0.000
27-jul-2005,0,1.100
28-jul-2005,0,29.200
29-jul-2005,0,9.700
30-jul-2005,1,0.300
31-jul-2005,1,2.000
01-aug-2005,0,0.000
02-aug-2005,0,0.100
03-aug-2005,0,0.000
04-aug-2005,0,2.900
05-aug-2005,0,0.000
06-aug-2005,0,0.000
07-aug-2005,0,0.000
08-aug-2005,0,0.000
09-aug-2005,0,0.000
10-aug-2005,0,0.000
11-aug-2005,0,0.100
12-aug-2005,0,3.600
13-aug-2005,0,0.000
14-aug-2005,0,0.000
15-aug-2005,0,0.000
16-aug-2005,0,0.000
17-aug-2005,0,4.200
18-aug-2005,0,3.100
19-aug-2005,0,0.300
20-aug-2005,0,0.000
21-aug-2005,0,0.700
22-aug-2005,0,0.000
23-aug-2005,0,7.800
24-aug-2005,0,5.100
25-aug-2005,0,1.200
26-aug-2005,0,0.000
27-aug-2005,0,0.000
28-aug-2005,0,1.800
29-aug-2005,0,0.000
30-aug-2005,0,0.200
31-aug-2005,0,3.200
01-sep-2005,0,0.000
02-sep-2005,0,0.000
03-sep-2005,0,0.000
04-sep-2005,0,0.700
05-sep-2005,0,0.000
06-sep-2005,0,0.000
07-sep-2005,0,0.400
08-sep-2005,0,3.400
09-sep-2005,0,12.600
10-sep-2005,0,0.000
11-sep-2005,0,0.000
12-sep-2005,0,0.000
13-sep-2005,0,0.800
14-sep-2005,0,3.700
15-sep-2005,0,6.300
16-sep-2005,0,0.000
17-sep-2005,0,0.000
18-sep-2005,0,0.000
19-sep-2005,0,2.500
20-sep-2005,0,0.000
21-sep-2005,0,0.000
22-sep-2005,1,3.500
23-sep-2005,0,0.700
24-sep-2005,0,10.500
25-sep-2005,0,0.000
26-sep-2005,0,7.300
27-sep-2005,1,6.200
28-sep-2005,0,3.900
29-sep-2005,0,2.200
30-sep-2005,0,0.600
01-oct-2005,0,0.000
02-oct-2005,0,0.400
03-oct-2005,0,0.000
04-oct-2005,0,0.000
05-oct-2005,0,0.000
06-oct-2005,0,0.000
07-oct-2005,0,3.000
08-oct-2005,0,0.000
09-oct-2005,0,0.000
10-oct-2005,0,10.800
11-oct-2005,0,9.100
12-oct-2005,0,0.000
13-oct-2005,0,0.000
14-oct-2005,0,0.000
15-oct-2005,0,0.000
16-oct-2005,0,0.300
17-oct-2005,0,0.100
18-oct-2005,0,2.200
19-oct-2005,0,4.200
20-oct-2005,0,12.800
21-oct-2005,0,1.000
22-oct-2005,0,0.000
23-oct-2005,0,28.300
24-oct-2005,0,3.000
25-oct-2005,0,3.500
26-oct-2005,0,0.600
27-oct-2005,0,0.000
28-oct-2005,0,1.700
29-oct-2005,1,8.500
30-oct-2005,1,2.500
31-oct-2005,0,1.500
01-nov-2005,0,13.800
02-nov-2005,0,6.000
03-nov-2005,0,7.500
04-nov-2005,1,2.000
05-nov-2005,1,2.300
06-nov-2005,1,0.300
07-nov-2005,0,6.400
08-nov-2005,0,0.200
09-nov-2005,0,3.100
10-nov-2005,0,3.500
11-nov-2005,0,2.800
12-nov-2005,0,0.000
13-nov-2005,0,0.000
14-nov-2005,0,0.100
15-nov-2005,0,0.000
16-nov-2005,0,0.000
17-nov-2005,0,0.000
18-nov-2005,0,0.000
19-nov-2005,0,0.000
20-nov-2005,0,0.000
21-nov-2005,0,0.000
22-nov-2005,0,0.000
23-nov-2005,0,0.000
24-nov-2005,0,0.600
25-nov-2005,0,3.000
26-nov-2005,0,0.000
27-nov-2005,0,0.000
28-nov-2005,0,0.200
29-nov-2005,0,2.500
30-nov-2005,0,3.700
01-dec-2005,0,17.800
02-dec-2005,0,23.300
03-dec-2005,0,1.000
04-dec-2005,0,0.800
05-dec-2005,0,0.000
06-dec-2005,0,0.000
07-dec-2005,0,17.000
08-dec-2005,0,3.100
09-dec-2005,0,0.000
10-dec-2005,0,0.000
11-dec-2005,0,0.000
12-dec-2005,0,0.000
13-dec-2005,0,0.000
14-dec-2005,0,0.000
15-dec-2005,0,0.300
16-dec-2005,0,0.000
17-dec-2005,1,0.000
18-dec-2005,1,2.300
19-dec-2005,0,0.000
20-dec-2005,0,0.500
21-dec-2005,0,0.500
22-dec-2005,0,0.000
23-dec-2005,0,0.000
24-dec-2005,0,0.000
25-dec-2005,0,0.000
26-dec-2005,1,1.500
27-dec-2005,1,0.300
28-dec-2005,0,0.000
29-dec-2005,0,13.600
30-dec-2005,0,1.200
31-dec-2005,0,0.500
01-jan-2006,0,0.000
02-jan-2006,0,0.600
03-jan-2006,0,0.000
04-jan-2006,0,0.000
05-jan-2006,0,0.100
06-jan-2006,0,0.000
07-jan-2006,1,2.400
08-jan-2006,1,0.000
09-jan-2006,0,5.500
10-jan-2006,0,5.100
11-jan-2006,0,0.000
12-jan-2006,0,0.300
13-jan-2006,1,0.000
14-jan-2006,1,0.200
15-jan-2006,1,2.100
16-jan-2006,0,1.600
17-jan-2006,0,0.600
18-jan-2006,0,0.300
19-jan-2006,0,1.300
20-jan-2006,0,0.000
21-jan-2006,0,0.000
22-jan-2006,0,0.000
23-jan-2006,0,0.000
24-jan-2006,0,0.000
25-jan-2006,0,0.000
26-jan-2006,0,0.000
27-jan-2006,0,0.800
28-jan-2006,0,0.000
29-jan-2006,0,0.000
30-jan-2006,0,0.000
31-jan-2006,0,0.000
01-feb-2006,0,0.000
02-feb-2006,0,0.200
03-feb-2006,0,0.000
04-feb-2006,0,0.000
05-feb-2006,0,0.000
06-feb-2006,0,0.000
07-feb-2006,0,2.500
08-feb-2006,0,0.100
09-feb-2006,0,0.000
10-feb-2006,1,0.000
11-feb-2006,1,6.800
12-feb-2006,1,0.800
13-feb-2006,0,10.700
14-feb-2006,0,4.800
15-feb-2006,0,1.800
16-feb-2006,0,3.100
17-feb-2006,0,0.000
18-feb-2006,0,0.000
19-feb-2006,0,0.000
20-feb-2006,0,0.000
21-feb-2006,0,4.000
22-feb-2006,0,2.700
23-feb-2006,0,7.100
24-feb-2006,0,0.300
25-feb-2006,0,0.000
26-feb-2006,0,0.000
27-feb-2006,0,2.900
28-feb-2006,0,0.000
01-mar-2006,0,0.000
02-mar-2006,0,0.000
03-mar-2006,0,1.200
04-mar-2006,0,0.000
05-mar-2006,0,0.000
06-mar-2006,0,9.300
07-mar-2006,0,4.200
08-mar-2006,0,4.200
09-mar-2006,0,1.600
10-mar-2006,1,0.300
11-mar-2006,1,14.000
12-mar-2006,1,0.000
13-mar-2006,0,5.600
14-mar-2006,0,0.400
15-mar-2006,0,0.400
16-mar-2006,0,3.100
17-mar-2006,0,0.000
18-mar-2006,1,0.000
19-mar-2006,1,0.200
20-mar-2006,0,0.300
21-mar-2006,0,0.000
22-mar-2006,0,0.000
23-mar-2006,0,2.900
24-mar-2006,0,3.600
25-mar-2006,1,5.100
26-mar-2006,1,6.400
27-mar-2006,0,4.000
28-mar-2006,0,1.100
29-mar-2006,0,9.400
30-mar-2006,0,7.800
31-mar-2006,0,3.900
01-apr-2006,1,7.500
02-apr-2006,1,1.100
03-apr-2006,0,1.300
04-apr-2006,0,0.000
05-apr-2006,0,0.000
06-apr-2006,0,1.500
07-apr-2006,0,3.800
08-apr-2006,1,1.700
09-apr-2006,1,0.600
10-apr-2006,0,2.400
11-apr-2006,0,1.800
12-apr-2006,0,0.200
13-apr-2006,0,0.000
14-apr-2006,0,0.000
15-apr-2006,0,0.000
16-apr-2006,0,0.000
17-apr-2006,0,3.900
18-apr-2006,0,3.800
19-apr-2006,0,0.000
20-apr-2006,0,0.000
21-apr-2006,1,0.000
22-apr-2006,1,0.800
23-apr-2006,1,0.300
24-apr-2006,0,1.500
25-apr-2006,0,0.000
26-apr-2006,0,0.300
27-apr-2006,0,0.000
28-apr-2006,0,0.000
29-apr-2006,0,0.000
30-apr-2006,1,7.000
01-may-2006,0,7.800
02-may-2006,0,7.800
03-may-2006,0,0.000
04-may-2006,0,3.600
05-may-2006,0,0.000
06-may-2006,0,0.000
07-may-2006,0,0.000
08-may-2006,0,12.400
09-may-2006,0,0.000
10-may-2006,0,0.000
11-may-2006,0,0.000
12-may-2006,1,12.100
13-may-2006,1,2.900
14-may-2006,1,10.300
15-may-2006,0,4.500
16-may-2006,0,0.000
17-may-2006,0,11.700
18-may-2006,0,12.300
19-may-2006,0,5.500
20-may-2006,1,1.200
21-may-2006,1,19.400
22-may-2006,0,0.700
23-may-2006,0,8.100
24-may-2006,0,0.000
25-may-2006,0,11.100
26-may-2006,1,0.800
27-may-2006,1,0.200
28-may-2006,1,0.000
29-may-2006,0,0.000
30-may-2006,0,0.000
31-may-2006,0,0.000
01-jun-2006,0,0.000
02-jun-2006,0,0.000
03-jun-2006,0,0.000
04-jun-2006,0,0.000
05-jun-2006,0,0.000
06-jun-2006,0,0.000
07-jun-2006,0,0.000
08-jun-2006,0,0.000
09-jun-2006,0,0.000
10-jun-2006,0,0.000
11-jun-2006,0,0.300
12-jun-2006,0,0.000
13-jun-2006,0,0.000
14-jun-2006,0,0.000
15-jun-2006,0,0.200
16-jun-2006,0,0.000
17-jun-2006,0,0.600
18-jun-2006,0,5.100
19-jun-2006,0,0.500
20-jun-2006,0,1.000
21-jun-2006,0,0.800
22-jun-2006,0,0.000
23-jun-2006,0,0.000
24-jun-2006,1,3.300
25-jun-2006,1,0.500
26-jun-2006,0,0.300
27-jun-2006,0,1.000
28-jun-2006,0,0.000
29-jun-2006,0,6.100
30-jun-2006,0,0.300
01-jul-2006,0,0.000
02-jul-2006,0,0.700
03-jul-2006,0,0.200
04-jul-2006,0,0.000
05-jul-2006,0,0.000
06-jul-2006,0,0.000
07-jul-2006,0,0.000
08-jul-2006,0,9.800
09-jul-2006,0,0.200
10-jul-2006,0,2.800
11-jul-2006,0,0.000
12-jul-2006,0,0.100
13-jul-2006,0,0.000
14-jul-2006,0,0.000
15-jul-2006,0,0.000
16-jul-2006,0,0.000
17-jul-2006,0,0.000
18-jul-2006,0,0.000
19-jul-2006,0,0.000
20-jul-2006,0,0.000
21-jul-2006,0,0.000
22-jul-2006,0,0.000
23-jul-2006,0,0.000
24-jul-2006,0,0.000
25-jul-2006,0,0.000
26-jul-2006,0,0.000
27-jul-2006,0,0.000
28-jul-2006,0,5.500
29-jul-2006,0,0.000
30-jul-2006,0,6.300
31-jul-2006,0,9.000
01-sep-2006,0,20.700
02-sep-2006,1,6.000
03-sep-2006,1,0.400
04-sep-2006,0,3.700
05-sep-2006,0,4.900
06-sep-2006,0,0.000
07-sep-2006,0,0.000
08-sep-2006,0,0.000
09-sep-2006,0,0.000
10-sep-2006,0,0.000
11-sep-2006,0,6.600
12-sep-2006,0,0.000
13-sep-2006,0,3.100
14-sep-2006,0,0.000
15-sep-2006,0,0.000
16-sep-2006,0,0.000
17-sep-2006,0,0.600
18-sep-2006,0,10.500
19-sep-2006,0,0.100
20-sep-2006,0,11.300
21-sep-2006,0,0.300
22-sep-2006,1,4.700
23-sep-2006,1,13.900
24-sep-2006,1,3.200
25-sep-2006,0,0.500
26-sep-2006,0,0.000
27-sep-2006,0,3.400
28-sep-2006,0,0.400
29-sep-2006,0,0.000
30-sep-2006,0,14.000
01-oct-2006,0,6.400
02-oct-2006,0,0.000
03-oct-2006,0,0.000
04-oct-2006,0,7.800
05-oct-2006,0,5.600
06-oct-2006,0,1.300
07-oct-2006,0,0.000
08-oct-2006,0,9.600
09-oct-2006,0,0.000
10-oct-2006,0,16.000
11-oct-2006,0,0.100
12-oct-2006,0,0.000
13-oct-2006,0,0.000
14-oct-2006,0,0.000
15-oct-2006,0,0.000
16-oct-2006,0,0.000
17-oct-2006,0,7.100
18-oct-2006,0,1.300
19-oct-2006,0,6.800
20-oct-2006,0,0.800
21-oct-2006,0,4.600
22-oct-2006,0,0.000
23-oct-2006,0,0.000
24-oct-2006,0,0.000
25-oct-2006,0,30.400
26-oct-2006,0,1.200
27-oct-2006,1,0.900
28-oct-2006,1,0.100
29-oct-2006,1,0.000
30-oct-2006,1,1.200
31-oct-2006,0,0.000
01-nov-2006,0,0.000
02-nov-2006,0,0.000
03-nov-2006,0,0.000
04-nov-2006,0,0.000
05-nov-2006,0,0.000
06-nov-2006,0,1.200
07-nov-2006,0,1.500
08-nov-2006,0,0.000
09-nov-2006,0,0.000
10-nov-2006,1,1.500
11-nov-2006,1,0.700
12-nov-2006,1,0.900
13-nov-2006,0,0.000
14-nov-2006,0,4.300
15-nov-2006,0,36.500
16-nov-2006,0,5.300
17-nov-2006,0,0.000
18-nov-2006,1,0.000
19-nov-2006,1,9.000
20-nov-2006,0,0.100
21-nov-2006,0,0.200
22-nov-2006,0,9.500
23-nov-2006,0,0.200
24-nov-2006,0,3.200
25-nov-2006,1,0.000
26-nov-2006,1,2.400
27-nov-2006,0,2.100
28-nov-2006,0,0.000
29-nov-2006,0,0.000
30-nov-2006,0,9.700
01-dec-2006,0,1.000
02-dec-2006,0,8.300
03-dec-2006,0,6.200
04-dec-2006,0,7.300
05-dec-2006,0,0.300
06-dec-2006,0,7.100
07-dec-2006,0,17.600
08-dec-2006,1,0.000
09-dec-2006,1,4.600
10-dec-2006,0,9.300
11-dec-2006,0,0.200
12-dec-2006,0,0.200
13-dec-2006,0,2.400
14-dec-2006,0,13.200
15-dec-2006,0,3.800
16-dec-2006,0,0.000
17-dec-2006,0,1.400
18-dec-2006,0,0.000
19-dec-2006,0,0.300
20-dec-2006,0,0.200
21-dec-2006,0,0.000
22-dec-2006,0,0.000
23-dec-2006,0,0.000
24-dec-2006,0,0.000
25-dec-2006,0,0.400
26-dec-2006,1,8.800
27-dec-2006,1,4.200
28-dec-2006,0,3.100
29-dec-2006,0,4.400
30-dec-2006,0,0.700
31-dec-2006,0,2.800
01-jan-2007,0,1.300
02-jan-2007,0,0.900
03-jan-2007,0,3.700
04-jan-2007,0,0.400
05-jan-2007,1,0.500
06-jan-2007,1,5.100
07-jan-2007,1,2.800
08-jan-2007,0,8.000
09-jan-2007,0,13.000
10-jan-2007,0,8.200
11-jan-2007,0,0.900
12-jan-2007,1,0.900
13-jan-2007,1,2.600
14-jan-2007,0,0.000
15-jan-2007,0,0.100
16-jan-2007,0,1.300
17-jan-2007,0,18.400
18-jan-2007,0,0.800
19-jan-2007,0,3.500
20-jan-2007,0,16.700
21-jan-2007,0,7.600
22-jan-2007,0,0.000
23-jan-2007,0,0.500
24-jan-2007,0,0.700
25-jan-2007,0,0.200
26-jan-2007,1,0.000
27-jan-2007,1,0.000
28-jan-2007,1,0.600
29-jan-2007,0,0.300
30-jan-2007,0,0.000
31-jan-2007,0,0.200
01-feb-2007,0,0.000
02-feb-2007,0,0.000
03-feb-2007,0,0.000
04-feb-2007,0,0.200
05-feb-2007,0,0.000
06-feb-2007,0,0.000
07-feb-2007,0,3.100
08-feb-2007,0,4.900
09-feb-2007,1,1.200
10-feb-2007,1,5.300
11-feb-2007,1,6.800
12-feb-2007,0,0.500
13-feb-2007,0,1.500
14-feb-2007,0,0.000
15-feb-2007,0,4.000
16-feb-2007,0,0.000
17-feb-2007,0,0.000
18-feb-2007,0,3.400
19-feb-2007,0,0.500
20-feb-2007,0,13.300
21-feb-2007,0,4.200
22-feb-2007,0,0.000
23-feb-2007,0,2.100
24-feb-2007,0,2.400
25-feb-2007,0,0.100
26-feb-2007,0,9.400
27-feb-2007,0,1.800
28-feb-2007,0,3.600
01-mar-2007,0,0.700
02-mar-2007,0,6.800
03-mar-2007,0,2.700
04-mar-2007,0,1.900
05-mar-2007,0,3.600
06-mar-2007,0,0.000
07-mar-2007,0,6.300
08-mar-2007,0,2.700
09-mar-2007,0,0.800
10-mar-2007,0,0.000
11-mar-2007,0,10.500
12-mar-2007,0,0.300
13-mar-2007,0,2.200
14-mar-2007,0,0.000
15-mar-2007,0,0.400
16-mar-2007,0,0.000
17-mar-2007,1,1.900
18-mar-2007,1,4.000
19-mar-2007,1,0.500
20-mar-2007,0,0.000
21-mar-2007,0,3.100
22-mar-2007,0,0.000
23-mar-2007,0,0.000
24-mar-2007,0,0.000
25-mar-2007,0,0.000
26-mar-2007,0,0.000
27-mar-2007,0,0.000
28-mar-2007,0,0.000
29-mar-2007,0,1.900
30-mar-2007,0,0.000
31-mar-2007,0,0.000
01-apr-2007,0,0.000
02-apr-2007,0,0.000
03-apr-2007,0,0.000
04-apr-2007,0,0.000
05-apr-2007,0,0.000
06-apr-2007,0,0.000
07-apr-2007,0,0.000
08-apr-2007,0,0.000
09-apr-2007,0,0.000
10-apr-2007,0,0.000
11-apr-2007,0,0.000
12-apr-2007,0,0.000
13-apr-2007,0,0.000
14-apr-2007,0,0.000
15-apr-2007,0,0.000
16-apr-2007,0,0.000
17-apr-2007,0,0.000
18-apr-2007,0,0.000
19-apr-2007,0,0.000
20-apr-2007,0,0.000
21-apr-2007,0,0.600
22-apr-2007,0,6.400
23-apr-2007,0,1.500
24-apr-2007,0,4.600
25-apr-2007,0,0.000
26-apr-2007,0,0.000
27-apr-2007,0,0.000
28-apr-2007,0,0.000
29-apr-2007,0,0.000
30-apr-2007,0,0.000
01-may-2007,0,0.000
02-may-2007,0,0.000
03-may-2007,0,0.000
04-may-2007,0,0.000
05-may-2007,0,0.600
06-may-2007,0,0.500
07-may-2007,0,1.200
08-may-2007,0,3.100
09-may-2007,0,7.100
10-may-2007,0,0.900
11-may-2007,0,7.600
12-may-2007,0,7.500
13-may-2007,0,0.000
14-may-2007,0,1.200
15-may-2007,0,1.400
16-may-2007,0,5.000
17-may-2007,0,0.600
18-may-2007,0,2.000
19-may-2007,0,0.000
20-may-2007,0,0.000
21-may-2007,0,0.100
22-may-2007,0,0.100
23-may-2007,0,0.200
24-may-2007,0,0.400
25-may-2007,0,0.300
26-may-2007,1,4.600
27-may-2007,1,2.500
28-may-2007,0,0.600
29-may-2007,0,0.400
30-may-2007,0,0.000
31-may-2007,0,3.900
01-jun-2007,1,3.000
02-jun-2007,1,25.500
03-jun-2007,0,12.700
04-jun-2007,0,0.000
05-jun-2007,0,0.000
06-jun-2007,0,0.000
07-jun-2007,0,0.000
08-jun-2007,0,0.000
09-jun-2007,0,0.000
10-jun-2007,0,0.000
11-jun-2007,0,0.000
12-jun-2007,0,0.700
13-jun-2007,0,14.900
14-jun-2007,0,5.100
15-jun-2007,0,10.000
16-jun-2007,0,1.100
17-jun-2007,0,0.100
18-jun-2007,0,2.200
19-jun-2007,0,14.700
20-jun-2007,0,4.200
21-jun-2007,0,3.900
22-jun-2007,0,3.100
23-jun-2007,0,5.700
24-jun-2007,0,3.800
25-jun-2007,0,0.000
26-jun-2007,0,1.500
27-jun-2007,0,0.600
28-jun-2007,0,5.300
29-jun-2007,0,6.200
30-jun-2007,0,8.800
01-jul-2007,0,2.100
02-jul-2007,0,4.600
03-jul-2007,0,4.200
04-jul-2007,0,1.800
05-jul-2007,0,3.600
06-jul-2007,0,0.600
07-jul-2007,0,0.000
08-jul-2007,0,3.600
09-jul-2007,0,7.400
10-jul-2007,0,0.000
11-jul-2007,0,2.400
12-jul-2007,0,2.000
13-jul-2007,0,14.500
14-jul-2007,1,1.800
15-jul-2007,1,4.600
16-jul-2007,0,0.500
17-jul-2007,0,6.800
18-jul-2007,0,1.300
19-jul-2007,0,3.200
20-jul-2007,0,21.600
21-jul-2007,0,0.100
22-jul-2007,0,0.800
23-jul-2007,0,5.100
24-jul-2007,0,3.000
25-jul-2007,0,0.300
26-jul-2007,0,4.000
27-jul-2007,0,0.900
28-jul-2007,1,0.600
29-jul-2007,1,0.600
30-jul-2007,0,0.000
31-jul-2007,0,0.000
01-aug-2007,0,0.000
02-aug-2007,0,0.000
03-aug-2007,0,1.500
04-aug-2007,0,25.200
05-aug-2007,0,2.300
06-aug-2007,0,4.200
07-aug-2007,0,0.000
08-aug-2007,0,0.000
09-aug-2007,0,0.700
10-aug-2007,0,9.400
11-aug-2007,0,6.800
12-aug-2007,0,3.500
13-aug-2007,0,1.200
14-aug-2007,0,10.800
15-aug-2007,0,0.600
16-aug-2007,0,0.400
17-aug-2007,0,8.000
18-aug-2007,1,4.800
19-aug-2007,1,10.100
20-aug-2007,0,2.600
21-aug-2007,0,0.000
22-aug-2007,0,0.000
23-aug-2007,0,0.100
24-aug-2007,0,0.200
25-aug-2007,0,0.000
26-aug-2007,0,0.000
27-aug-2007,0,0.000
28-aug-2007,0,0.000
29-aug-2007,0,0.200
30-aug-2007,0,0.000
31-aug-2007,0,0.200
01-sep-2007,0,0.000
02-sep-2007,0,1.200
03-sep-2007,0,0.000
04-sep-2007,0,0.800
05-sep-2007,0,0.000
06-sep-2007,0,0.000
07-sep-2007,0,0.000
08-sep-2007,0,0.000
09-sep-2007,0,0.100
10-sep-2007,0,0.000
11-sep-2007,0,0.000
12-sep-2007,0,0.000
13-sep-2007,0,0.800
14-sep-2007,0,0.000
15-sep-2007,0,0.000
16-sep-2007,0,1.200
17-sep-2007,0,0.100
18-sep-2007,0,0.800
19-sep-2007,0,3.400
20-sep-2007,0,12.200
21-sep-2007,0,3.600
22-sep-2007,0,0.000
23-sep-2007,0,7.600
24-sep-2007,0,7.800
25-sep-2007,0,0.000
26-sep-2007,0,0.000
27-sep-2007,0,0.000
28-sep-2007,1,2.700
29-sep-2007,1,3.500
30-sep-2007,1,1.100
01-oct-2007,0,0.000
02-oct-2007,0,4.000
03-oct-2007,0,4.800
04-oct-2007,0,0.000
05-oct-2007,0,0.000
06-oct-2007,0,0.000
07-oct-2007,0,0.100
08-oct-2007,0,2.400
09-oct-2007,0,0.200
10-oct-2007,0,0.000
11-oct-2007,0,0.000
12-oct-2007,0,0.000
13-oct-2007,0,0.000
14-oct-2007,0,0.000
15-oct-2007,0,1.400
16-oct-2007,0,0.000
17-oct-2007,0,0.000
18-oct-2007,0,0.000
19-oct-2007,0,0.000
20-oct-2007,0,0.000
21-oct-2007,0,0.000
22-oct-2007,0,1.400
23-oct-2007,0,0.000
24-oct-2007,0,0.000
25-oct-2007,0,0.000
26-oct-2007,1,1.100
27-oct-2007,1,6.400
28-oct-2007,0,2.400
29-oct-2007,0,0.000
30-oct-2007,0,1.100
31-oct-2007,0,0.000
01-nov-2007,0,0.000
02-nov-2007,0,0.000
03-nov-2007,1,2.000
04-nov-2007,1,0.100
05-nov-2007,0,0.100
06-nov-2007,0,0.200
07-nov-2007,0,0.100
08-nov-2007,0,1.600
09-nov-2007,1,0.000
10-nov-2007,1,0.500
11-nov-2007,1,0.000
12-nov-2007,0,0.700
13-nov-2007,0,1.300
14-nov-2007,0,8.000
15-nov-2007,0,1.800
16-nov-2007,0,0.000
17-nov-2007,1,17.700
18-nov-2007,1,15.000
19-nov-2007,0,3.000
20-nov-2007,0,1.200
21-nov-2007,0,0.200
22-nov-2007,0,0.000
23-nov-2007,1,0.600
24-nov-2007,1,0.000
25-nov-2007,1,0.300
26-nov-2007,0,0.100
27-nov-2007,0,1.500
28-nov-2007,0,1.700
29-nov-2007,0,1.500
30-nov-2007,0,6.100
01-dec-2007,0,9.700
02-dec-2007,0,0.500
03-dec-2007,0,0.100
04-dec-2007,0,1.900
05-dec-2007,0,5.700
06-dec-2007,0,14.600
07-dec-2007,0,20.800
08-dec-2007,0,0.000
09-dec-2007,0,1.800
10-dec-2007,0,0.000
11-dec-2007,0,0.000
12-dec-2007,0,1.000
13-dec-2007,0,0.000
14-dec-2007,0,0.000
15-dec-2007,0,0.000
16-dec-2007,0,0.000
17-dec-2007,0,0.000
18-dec-2007,0,0.000
19-dec-2007,0,0.000
20-dec-2007,0,0.000
21-dec-2007,1,1.600
22-dec-2007,1,0.000
23-dec-2007,1,4.400
24-dec-2007,0,0.000
25-dec-2007,0,0.000
26-dec-2007,0,1.600
27-dec-2007,0,10.300
28-dec-2007,0,9.000
29-dec-2007,0,0.000
30-dec-2007,0,0.100
31-dec-2007,0,0.100
01-jan-2008,0,0.300
02-jan-2008,0,0.000
03-jan-2008,1,8.800
04-jan-2008,1,3.500
05-jan-2008,0,0.000
06-jan-2008,0,8.000
07-jan-2008,0,0.500
08-jan-2008,0,14.600
09-jan-2008,0,20.400
10-jan-2008,0,0.200
11-jan-2008,0,0.000
12-jan-2008,0,15.400
13-jan-2008,0,0.600
14-jan-2008,0,1.100
15-jan-2008,0,1.300
16-jan-2008,0,1.800
17-jan-2008,0,14.200
18-jan-2008,0,3.700
19-jan-2008,0,16.500
20-jan-2008,0,9.500
21-jan-2008,0,0.700
22-jan-2008,0,4.400
23-jan-2008,0,3.400
24-jan-2008,0,0.000
25-jan-2008,0,0.000
26-jan-2008,0,0.000
27-jan-2008,0,0.000
28-jan-2008,0,1.500
29-jan-2008,0,1.800
30-jan-2008,0,3.800
31-jan-2008,0,2.100
01-feb-2008,0,0.000
02-feb-2008,1,0.300
03-feb-2008,1,4.100
04-feb-2008,0,8.900
05-feb-2008,0,2.500
06-feb-2008,0,1.400
07-feb-2008,0,0.000
08-feb-2008,0,0.000
09-feb-2008,0,0.000
10-feb-2008,0,0.000
11-feb-2008,0,0.000
12-feb-2008,0,0.000
13-feb-2008,0,0.000
14-feb-2008,0,0.000
15-feb-2008,0,0.000
16-feb-2008,0,0.000
17-feb-2008,0,0.000
18-feb-2008,0,0.000
19-feb-2008,0,0.000
20-feb-2008,0,0.000
21-feb-2008,0,1.100
22-feb-2008,0,0.200
23-feb-2008,0,1.100
24-feb-2008,0,0.200
25-feb-2008,0,1.800
26-feb-2008,0,0.100
27-feb-2008,0,0.000
28-feb-2008,0,0.700
29-feb-2008,0,3.400
01-mar-2008,0,0.000
02-mar-2008,0,3.100
03-mar-2008,0,1.000
04-mar-2008,0,0.000
05-mar-2008,0,0.100
06-mar-2008,0,2.500
07-mar-2008,0,0.800
08-mar-2008,1,2.000
09-mar-2008,1,2.800
10-mar-2008,0,1.100
11-mar-2008,0,7.300
12-mar-2008,0,1.600
13-mar-2008,0,3.300
14-mar-2008,0,0.500
15-mar-2008,1,15.700
16-mar-2008,1,0.000
17-mar-2008,0,0.000
18-mar-2008,0,0.000
19-mar-2008,0,2.200
20-mar-2008,0,0.800
21-mar-2008,0,0.500
22-mar-2008,0,0.400
23-mar-2008,0,0.000
24-mar-2008,0,0.000
25-mar-2008,0,0.800
26-mar-2008,0,0.100
27-mar-2008,0,3.000
28-mar-2008,0,5.600
29-mar-2008,1,8.600
30-mar-2008,1,37.400
31-mar-2008,0,1.400
01-apr-2008,0,3.200
02-apr-2008,0,0.000
03-apr-2008,0,0.000
04-apr-2008,1,0.900
05-apr-2008,1,0.800
06-apr-2008,1,0.300
07-apr-2008,0,0.500
08-apr-2008,0,0.900
09-apr-2008,0,0.000
10-apr-2008,0,3.000
11-apr-2008,0,0.300
12-apr-2008,0,3.600
13-apr-2008,0,5.900
14-apr-2008,0,0.000
15-apr-2008,0,0.000
16-apr-2008,0,0.000
17-apr-2008,0,0.400
18-apr-2008,0,0.000
19-apr-2008,1,0.400
20-apr-2008,1,0.500
21-apr-2008,0,0.000
22-apr-2008,0,5.700
23-apr-2008,0,1.500
24-apr-2008,0,1.700
25-apr-2008,0,0.000
26-apr-2008,0,0.000
27-apr-2008,0,8.400
28-apr-2008,0,1.000
29-apr-2008,0,0.000
30-apr-2008,0,0.000
01-may-2008,0,2.300
02-may-2008,0,3.900
03-may-2008,0,0.000
04-may-2008,0,0.000
05-may-2008,0,0.300
06-may-2008,0,0.000
07-may-2008,0,0.000
08-may-2008,0,9.700
09-may-2008,0,0.000
10-may-2008,0,6.400
11-may-2008,0,0.000
12-may-2008,0,0.000
13-may-2008,0,0.000
14-may-2008,0,0.000
15-may-2008,0,0.000
16-may-2008,0,0.000
17-may-2008,0,0.000
18-may-2008,0,1.100
19-may-2008,0,0.000
20-may-2008,0,0.000
21-may-2008,0,7.400
22-may-2008,0,8.000
23-may-2008,0,0.100
24-may-2008,0,0.000
25-may-2008,0,0.000
26-may-2008,0,5.400
27-may-2008,0,3.600
28-may-2008,0,0.000
29-may-2008,0,0.200
30-may-2008,0,0.000
31-may-2008,0,0.000
01-jun-2008,0,0.000
02-jun-2008,0,0.000
03-jun-2008,0,0.000
04-jun-2008,0,10.700
05-jun-2008,0,1.700
06-jun-2008,0,0.000
07-jun-2008,0,0.000
08-jun-2008,0,0.000
09-jun-2008,0,0.000
10-jun-2008,0,0.400
11-jun-2008,0,2.300
12-jun-2008,0,0.000
13-jun-2008,0,0.000
14-jun-2008,0,0.000
15-jun-2008,0,0.000
16-jun-2008,0,0.000
17-jun-2008,0,3.400
18-jun-2008,0,22.000
19-jun-2008,0,5.600
20-jun-2008,0,1.800
21-jun-2008,0,19.200
22-jun-2008,0,2.100
23-jun-2008,0,0.700
24-jun-2008,0,1.400
25-jun-2008,0,1.800
26-jun-2008,0,3.700
27-jun-2008,0,0.600
28-jun-2008,1,0.000
29-jun-2008,1,2.100
30-jun-2008,0,0.000
01-jul-2008,0,2.300
02-jul-2008,0,2.300
03-jul-2008,0,14.600
04-jul-2008,0,17.500
05-jul-2008,0,15.400
06-jul-2008,0,0.200
07-jul-2008,0,0.800
08-jul-2008,0,0.000
09-jul-2008,0,4.100
10-jul-2008,0,6.000
11-jul-2008,1,0.600
12-jul-2008,1,1.200
13-jul-2008,0,0.000
14-jul-2008,0,0.000
15-jul-2008,0,0.100
16-jul-2008,0,0.700
17-jul-2008,0,0.700
18-jul-2008,0,0.800
19-jul-2008,0,0.000
20-jul-2008,0,0.000
21-jul-2008,0,0.000
22-jul-2008,0,0.000
23-jul-2008,0,0.000
24-jul-2008,0,0.000
25-jul-2008,0,0.000
26-jul-2008,0,0.000
27-jul-2008,0,0.000
28-jul-2008,0,3.700
29-jul-2008,0,6.500
30-jul-2008,0,16.000
31-jul-2008,0,2.400
01-aug-2008,1,5.100
02-aug-2008,1,0.300
03-aug-2008,0,2.700
04-aug-2008,0,4.200
05-aug-2008,0,8.600
06-aug-2008,0,24.600
07-aug-2008,0,2.000
08-aug-2008,1,12.500
09-aug-2008,1,36.300
10-aug-2008,0,0.100
11-aug-2008,0,15.100
12-aug-2008,0,17.500
13-aug-2008,0,4.500
14-aug-2008,0,0.000
15-aug-2008,0,4.900
16-aug-2008,1,30.700
17-aug-2008,1,1.100
18-aug-2008,0,4.500
19-aug-2008,0,0.500
20-aug-2008,0,2.600
21-aug-2008,0,0.000
22-aug-2008,4,0.000
23-aug-2008,0,3.300
24-aug-2008,0,0.000
25-aug-2008,0,1.800
26-aug-2008,0,0.400
27-aug-2008,0,0.200
28-aug-2008,0,0.000
29-aug-2008,0,0.000
30-aug-2008,0,0.000
31-aug-2008,0,3.000
01-sep-2008,0,1.200
02-sep-2008,0,14.400
03-sep-2008,0,1.500
04-sep-2008,0,2.200
05-sep-2008,0,45.500
06-sep-2008,0,0.000
07-sep-2008,0,0.300
08-sep-2008,0,3.800
09-sep-2008,0,5.300
10-sep-2008,0,3.600
11-sep-2008,0,2.000
12-sep-2008,1,0.900
13-sep-2008,1,0.000
14-sep-2008,1,19.700
15-sep-2008,0,0.600
16-sep-2008,0,0.400
17-sep-2008,0,0.200
18-sep-2008,0,0.600
19-sep-2008,0,0.000
20-sep-2008,0,0.000
21-sep-2008,0,0.000
22-sep-2008,0,0.000
23-sep-2008,0,0.000
24-sep-2008,0,0.000
25-sep-2008,0,0.000
26-sep-2008,0,0.000
27-sep-2008,0,0.000
28-sep-2008,0,0.100
29-sep-2008,0,2.400
30-sep-2008,0,8.800
01-oct-2008,0,0.000
02-oct-2008,0,0.000
03-oct-2008,1,0.000
04-oct-2008,1,17.200
05-oct-2008,1,0.100
06-oct-2008,0,8.400
07-oct-2008,0,3.100
08-oct-2008,0,0.000
09-oct-2008,0,3.100
10-oct-2008,0,12.900
11-oct-2008,0,0.000
12-oct-2008,0,0.000
13-oct-2008,0,0.000
14-oct-2008,0,16.900
15-oct-2008,0,0.500
16-oct-2008,0,0.000
17-oct-2008,0,0.000
18-oct-2008,0,1.200
19-oct-2008,0,2.200
20-oct-2008,0,0.400
21-oct-2008,0,0.000
22-oct-2008,0,0.500
23-oct-2008,0,8.900
24-oct-2008,0,5.800
25-oct-2008,1,5.400
26-oct-2008,1,0.200
27-oct-2008,0,0.200
28-oct-2008,0,0.000
29-oct-2008,0,11.700
30-oct-2008,0,3.600
31-oct-2008,0,0.000
01-nov-2008,0,0.000
02-nov-2008,0,0.000
03-nov-2008,0,0.000
04-nov-2008,0,0.200
05-nov-2008,0,0.000
06-nov-2008,0,2.300
07-nov-2008,1,3.900
08-nov-2008,1,9.100
09-nov-2008,1,3.300
10-nov-2008,0,4.600
11-nov-2008,0,0.000
12-nov-2008,0,8.300
13-nov-2008,0,0.600
14-nov-2008,1,2.400
15-nov-2008,1,3.800
16-nov-2008,1,1.400
17-nov-2008,0,1.900
18-nov-2008,0,0.000
19-nov-2008,0,0.000
20-nov-2008,0,0.800
21-nov-2008,0,0.000
22-nov-2008,1,3.900
23-nov-2008,1,6.100
24-nov-2008,0,0.000
25-nov-2008,0,0.300
26-nov-2008,0,0.800
27-nov-2008,0,1.300
28-nov-2008,0,0.000
29-nov-2008,0,0.000
30-nov-2008,0,0.000
01-dec-2008,0,1.500
02-dec-2008,0,0.000
03-dec-2008,0,11.000
04-dec-2008,0,0.000
05-dec-2008,0,0.300
06-dec-2008,0,0.000
07-dec-2008,0,2.600
08-dec-2008,0,2.200
09-dec-2008,0,0.000
10-dec-2008,0,0.000
11-dec-2008,0,4.200
12-dec-2008,0,15.000
13-dec-2008,0,0.000
14-dec-2008,0,0.000
15-dec-2008,0,0.000
16-dec-2008,0,3.600
17-dec-2008,0,0.700
18-dec-2008,0,1.400
19-dec-2008,0,5.500
20-dec-2008,0,0.000
21-dec-2008,0,1.800
22-dec-2008,0,0.300
23-dec-2008,0,0.000
24-dec-2008,0,0.000
25-dec-2008,0,0.000
26-dec-2008,0,0.000
27-dec-2008,0,0.000
28-dec-2008,0,0.000
29-dec-2008,0,0.000
30-dec-2008,0,0.000
31-dec-2008,0,0.000
01-jan-2009,0,0.000
02-jan-2009,0,0.000
03-jan-2009,0,0.000
04-jan-2009,0,0.600
05-jan-2009,0,0.000
06-jan-2009,0,0.100
07-jan-2009,0,0.000
08-jan-2009,0,0.400
09-jan-2009,1,0.000
10-jan-2009,1,1.400
11-jan-2009,1,8.300
12-jan-2009,0,6.200
13-jan-2009,0,0.100
14-jan-2009,0,8.100
15-jan-2009,0,2.000
16-jan-2009,0,0.800
17-jan-2009,0,10.600
18-jan-2009,0,7.200
19-jan-2009,0,0.600
20-jan-2009,0,3.800
21-jan-2009,0,6.100
22-jan-2009,0,1.100
23-jan-2009,1,0.100
24-jan-2009,1,0.600
25-jan-2009,1,1.300
26-jan-2009,0,3.800
27-jan-2009,0,0.000
28-jan-2009,0,0.000
29-jan-2009,0,0.000
30-jan-2009,0,10.400
31-jan-2009,0,5.900
01-feb-2009,0,0.000
02-feb-2009,0,14.400
03-feb-2009,0,27.700
04-feb-2009,0,0.800
05-feb-2009,0,1.600
06-feb-2009,1,0.000
07-feb-2009,1,1.900
08-feb-2009,1,2.300
09-feb-2009,0,0.000
10-feb-2009,0,0.000
11-feb-2009,0,0.000
12-feb-2009,0,1.000
13-feb-2009,0,0.000
14-feb-2009,0,0.000
15-feb-2009,0,0.000
16-feb-2009,0,0.000
17-feb-2009,0,0.000
18-feb-2009,0,0.000
19-feb-2009,0,1.200
20-feb-2009,0,0.000
21-feb-2009,0,0.000
22-feb-2009,0,0.100
23-feb-2009,0,0.000
24-feb-2009,0,0.200
25-feb-2009,0,0.000
26-feb-2009,0,0.000
27-feb-2009,0,0.000
28-feb-2009,0,1.500
01-mar-2009,0,0.000
02-mar-2009,0,0.800
03-mar-2009,0,8.400
04-mar-2009,0,0.000
05-mar-2009,0,0.100
06-mar-2009,1,0.700
07-mar-2009,1,8.100
08-mar-2009,0,1.700
09-mar-2009,0,5.600
10-mar-2009,0,0.100
11-mar-2009,0,0.600
12-mar-2009,0,0.700
13-mar-2009,1,0.300
14-mar-2009,1,0.300
15-mar-2009,1,0.300
16-mar-2009,0,0.000
17-mar-2009,0,0.000
18-mar-2009,0,0.000
19-mar-2009,0,0.000
20-mar-2009,0,0.000
21-mar-2009,0,0.000
22-mar-2009,0,0.200
23-mar-2009,0,0.500
24-mar-2009,0,0.300
25-mar-2009,0,1.500
26-mar-2009,0,0.200
27-mar-2009,1,1.700
28-mar-2009,1,0.000
29-mar-2009,1,0.200
30-mar-2009,0,0.000
31-mar-2009,0,0.000
01-apr-2009,0,0.000
02-apr-2009,0,0.000
03-apr-2009,0,6.300
04-apr-2009,0,0.000
05-apr-2009,0,0.000
06-apr-2009,0,5.300
07-apr-2009,0,3.200
08-apr-2009,0,2.300
09-apr-2009,0,1.800
10-apr-2009,0,0.000
11-apr-2009,0,0.000
12-apr-2009,0,0.000
13-apr-2009,0,7.400
14-apr-2009,0,0.700
15-apr-2009,0,6.000
16-apr-2009,0,10.600
17-apr-2009,0,0.000
18-apr-2009,0,0.000
19-apr-2009,0,0.000
20-apr-2009,0,0.300
21-apr-2009,0,0.000
22-apr-2009,0,2.700
23-apr-2009,0,1.000
24-apr-2009,1,8.900
25-apr-2009,1,1.600
26-apr-2009,1,4.600
27-apr-2009,0,3.500
28-apr-2009,0,2.500
29-apr-2009,0,8.800
30-apr-2009,0,0.300
01-may-2009,1,3.800
02-may-2009,1,2.400
03-may-2009,1,1.900
04-may-2009,1,0.400
05-may-2009,0,1.800
06-may-2009,0,0.800
07-may-2009,0,2.600
08-may-2009,1,2.300
09-may-2009,1,2.200
10-may-2009,1,0.100
11-may-2009,0,0.200
12-may-2009,0,0.000
13-may-2009,0,6.400
14-may-2009,0,15.700
15-may-2009,1,8.100
16-may-2009,1,1.900
17-may-2009,1,9.300
18-may-2009,0,3.100
19-may-2009,0,4.500
20-may-2009,0,6.800
21-may-2009,0,0.900
22-may-2009,1,1.500
23-may-2009,1,0.000
24-may-2009,0,0.000
25-may-2009,0,2.600
26-may-2009,0,3.200
27-may-2009,0,0.500
28-may-2009,0,0.500
29-may-2009,0,0.000
30-may-2009,0,0.000
31-may-2009,0,0.000
01-jun-2009,0,0.000
02-jun-2009,0,0.000
03-jun-2009,0,0.000
04-jun-2009,0,0.000
05-jun-2009,0,0.000
06-jun-2009,0,34.200
07-jun-2009,0,0.000
08-jun-2009,0,0.000
09-jun-2009,0,0.000
10-jun-2009,0,14.200
11-jun-2009,0,0.300
12-jun-2009,0,0.000
13-jun-2009,1,2.200
14-jun-2009,1,2.900
15-jun-2009,0,0.600
16-jun-2009,0,21.500
17-jun-2009,0,4.100
18-jun-2009,0,1.500
19-jun-2009,1,0.500
20-jun-2009,1,0.200
21-jun-2009,1,0.000
22-jun-2009,0,0.000
23-jun-2009,0,0.000
24-jun-2009,0,0.000
25-jun-2009,0,0.200
26-jun-2009,0,1.100
27-jun-2009,0,0.000
28-jun-2009,0,1.000
29-jun-2009,0,0.000
30-jun-2009,0,7.200
01-jul-2009,0,16.400
02-jul-2009,0,4.600
03-jul-2009,0,0.500
04-jul-2009,1,13.100
05-jul-2009,1,5.700
06-jul-2009,0,2.600
07-jul-2009,0,0.400
08-jul-2009,0,0.000
09-jul-2009,0,0.000
10-jul-2009,0,0.100
11-jul-2009,0,14.400
12-jul-2009,0,4.500
13-jul-2009,0,19.100
14-jul-2009,0,3.500
15-jul-2009,0,0.000
16-jul-2009,0,0.600
17-jul-2009,1,0.000
18-jul-2009,1,5.300
19-jul-2009,0,3.100
20-jul-2009,0,9.700
21-jul-2009,0,18.800
22-jul-2009,0,1.100
23-jul-2009,0,6.700
24-jul-2009,1,5.600
25-jul-2009,1,6.500
26-jul-2009,0,1.200
27-jul-2009,0,1.400
28-jul-2009,0,1.800
29-jul-2009,0,2.600
30-jul-2009,0,0.000
31-jul-2009,0,1.600
01-aug-2009,1,4.000
02-aug-2009,1,2.200
03-aug-2009,0,4.000
04-aug-2009,0,0.000
05-aug-2009,0,0.300
06-aug-2009,0,0.000
07-aug-2009,0,0.200
08-aug-2009,0,0.000
09-aug-2009,0,1.500
10-aug-2009,0,0.300
11-aug-2009,0,2.000
12-aug-2009,0,0.000
13-aug-2009,0,0.000
14-aug-2009,1,10.000
15-aug-2009,1,0.300
16-aug-2009,1,1.400
17-aug-2009,0,2.000
18-aug-2009,0,3.100
19-aug-2009,0,29.800
20-aug-2009,0,3.400
21-aug-2009,1,0.200
22-aug-2009,1,4.000
23-aug-2009,0,2.200
24-aug-2009,0,0.000
25-aug-2009,0,8.400
26-aug-2009,0,0.700
27-aug-2009,0,1.600
28-aug-2009,0,3.300
29-aug-2009,1,0.900
30-aug-2009,1,4.600
31-aug-2009,0,5.000
01-sep-2009,0,3.800
02-sep-2009,0,22.900
03-sep-2009,0,1.800
04-sep-2009,1,0.800
05-sep-2009,1,0.000
06-sep-2009,1,4.700
07-sep-2009,0,0.500
08-sep-2009,0,4.600
09-sep-2009,0,0.000
10-sep-2009,0,0.000
11-sep-2009,0,0.000
12-sep-2009,0,0.000
13-sep-2009,0,0.000
14-sep-2009,0,0.000
15-sep-2009,0,0.000
16-sep-2009,0,0.000
17-sep-2009,0,0.000
18-sep-2009,0,0.000
19-sep-2009,0,0.000
20-sep-2009,0,0.000
21-sep-2009,0,0.700
22-sep-2009,0,0.000
23-sep-2009,0,0.600
24-sep-2009,0,0.000
25-sep-2009,0,0.000
26-sep-2009,0,0.000
27-sep-2009,0,0.100
28-sep-2009,0,0.000
29-sep-2009,0,0.000
30-sep-2009,0,0.700
01-oct-2009,0,0.000
02-oct-2009,1,0.600
03-oct-2009,1,0.800
04-oct-2009,1,0.000
05-oct-2009,0,7.100
06-oct-2009,0,12.700
07-oct-2009,0,0.000
08-oct-2009,0,0.000
09-oct-2009,0,13.500
10-oct-2009,1,1.600
11-oct-2009,1,0.100
12-oct-2009,0,0.100
13-oct-2009,0,0.000
14-oct-2009,0,0.300
15-oct-2009,0,0.000
16-oct-2009,0,0.000
17-oct-2009,0,0.000
18-oct-2009,0,1.600
19-oct-2009,0,0.500
20-oct-2009,0,8.500
21-oct-2009,0,15.400
22-oct-2009,0,2.900
23-oct-2009,1,2.400
24-oct-2009,1,0.400
25-oct-2009,1,0.000
26-oct-2009,1,0.000
27-oct-2009,0,3.800
28-oct-2009,0,1.000
29-oct-2009,0,0.100
30-oct-2009,0,13.900
31-oct-2009,0,31.800
01-nov-2009,0,0.100
02-nov-2009,0,5.300
03-nov-2009,0,0.000
04-nov-2009,0,4.700
05-nov-2009,0,1.600
06-nov-2009,0,1.600
07-nov-2009,0,0.500
08-nov-2009,0,0.000
09-nov-2009,0,13.400
10-nov-2009,0,0.100
11-nov-2009,0,17.000
12-nov-2009,0,3.900
13-nov-2009,0,15.800
14-nov-2009,1,0.500
15-nov-2009,1,7.300
16-nov-2009,0,0.100
17-nov-2009,0,20.200
18-nov-2009,0,9.500
19-nov-2009,0,8.800
20-nov-2009,0,2.100
21-nov-2009,1,1.600
22-nov-2009,1,2.100
23-nov-2009,0,5.200
24-nov-2009,0,5.800
25-nov-2009,0,4.500
26-nov-2009,0,0.000
27-nov-2009,0,0.100
28-nov-2009,0,12.400
29-nov-2009,0,21.800
30-nov-2009,0,0.000
01-dec-2009,0,2.300
02-dec-2009,0,0.300
03-dec-2009,0,3.000
04-dec-2009,0,13.100
05-dec-2009,1,3.300
06-dec-2009,1,0.500
07-dec-2009,0,0.400
08-dec-2009,0,1.000
09-dec-2009,0,2.900
10-dec-2009,0,0.000
11-dec-2009,0,0.000
12-dec-2009,0,0.000
13-dec-2009,0,0.000
14-dec-2009,0,0.500
15-dec-2009,0,0.200
16-dec-2009,0,0.100
17-dec-2009,0,3.600
18-dec-2009,1,0.000
19-dec-2009,1,1.300
20-dec-2009,1,0.100
21-dec-2009,0,0.000
22-dec-2009,0,0.000
23-dec-2009,0,0.000
24-dec-2009,0,0.000
25-dec-2009,0,0.000
26-dec-2009,1,3.100
27-dec-2009,1,0.000
28-dec-2009,1,1.900
29-dec-2009,0,29.000
30-dec-2009,0,21.600
31-dec-2009,0,1.600
01-jan-2010,0,0.000
02-jan-2010,0,0.000
03-jan-2010,0,1.000
04-jan-2010,0,0.300
05-jan-2010,0,0.900
06-jan-2010,0,0.000
07-jan-2010,0,0.200
08-jan-2010,1,1.900
09-jan-2010,1,0.200
10-jan-2010,1,6.000
11-jan-2010,0,1.200
12-jan-2010,0,5.700
13-jan-2010,0,1.900
14-jan-2010,0,0.000
15-jan-2010,0,6.400
16-jan-2010,0,0.100
17-jan-2010,0,0.000
18-jan-2010,0,0.000
19-jan-2010,0,3.300
20-jan-2010,0,0.000
21-jan-2010,0,8.600
22-jan-2010,1,0.000
23-jan-2010,1,0.400
24-jan-2010,1,0.000
25-jan-2010,0,0.000
26-jan-2010,0,0.000
27-jan-2010,0,0.100
28-jan-2010,0,1.900
29-jan-2010,1,0.200
30-jan-2010,1,0.000
31-jan-2010,1,0.000
01-feb-2010,0,3.100
02-feb-2010,0,3.100
03-feb-2010,0,2.100
04-feb-2010,0,6.100
05-feb-2010,0,0.000
06-feb-2010,0,1.000
07-feb-2010,0,0.000
08-feb-2010,0,1.100
09-feb-2010,0,0.000
10-feb-2010,0,0.000
11-feb-2010,0,0.000
12-feb-2010,0,0.000
13-feb-2010,1,0.300
14-feb-2010,1,0.400
15-feb-2010,0,1.300
16-feb-2010,0,0.000
17-feb-2010,0,0.000
18-feb-2010,0,0.000
19-feb-2010,0,0.000
20-feb-2010,1,5.200
21-feb-2010,1,0.100
22-feb-2010,0,0.000
23-feb-2010,0,8.600
24-feb-2010,0,3.400
25-feb-2010,0,0.800
26-feb-2010,1,0.200
27-feb-2010,1,0.400
28-feb-2010,1,0.000
01-mar-2010,0,0.000
02-mar-2010,0,0.000
03-mar-2010,0,0.000
04-mar-2010,0,0.000
05-mar-2010,0,0.000
06-mar-2010,0,0.000
07-mar-2010,0,0.000
08-mar-2010,0,0.000
09-mar-2010,0,0.000
10-mar-2010,0,0.000
11-mar-2010,0,0.000
12-mar-2010,0,0.000
13-mar-2010,0,0.000
14-mar-2010,0,0.000
15-mar-2010,0,0.000
16-mar-2010,0,0.000
17-mar-2010,0,0.000
18-mar-2010,0,0.200
19-mar-2010,1,8.300
20-mar-2010,1,0.000
21-mar-2010,1,3.900
22-mar-2010,0,0.200
23-mar-2010,0,3.600
24-mar-2010,0,5.700
25-mar-2010,0,8.500
26-mar-2010,1,0.900
27-mar-2010,1,0.000
28-mar-2010,1,3.600
29-mar-2010,0,11.600
30-mar-2010,0,14.600
31-mar-2010,0,0.000
01-apr-2010,0,0.300
02-apr-2010,0,8.000
03-apr-2010,0,2.500
04-apr-2010,0,3.000
05-apr-2010,0,1.700
06-apr-2010,0,6.600
07-apr-2010,0,0.000
08-apr-2010,0,0.000
09-apr-2010,0,0.000
10-apr-2010,0,0.000
11-apr-2010,0,0.000
12-apr-2010,0,0.000
13-apr-2010,0,0.000
14-apr-2010,0,0.000
15-apr-2010,0,0.000
16-apr-2010,0,0.000
17-apr-2010,0,0.000
18-apr-2010,0,0.000
19-apr-2010,0,0.000
20-apr-2010,0,0.000
21-apr-2010,0,0.000
22-apr-2010,0,0.000
23-apr-2010,0,0.000
24-apr-2010,1,0.300
25-apr-2010,1,5.300
26-apr-2010,0,0.000
27-apr-2010,0,2.300
28-apr-2010,0,0.100
29-apr-2010,0,0.100
30-apr-2010,0,2.600
01-may-2010,1,3.200
02-may-2010,1,0.700
03-may-2010,1,0.700
04-may-2010,0,0.800
05-may-2010,0,4.600
06-may-2010,0,0.800
07-may-2010,0,0.000
08-may-2010,0,0.000
09-may-2010,0,0.100
10-may-2010,0,0.700
11-may-2010,0,4.400
12-may-2010,0,0.100
13-may-2010,0,3.200
14-may-2010,1,3.300
15-may-2010,1,0.000
16-may-2010,1,0.700
17-may-2010,0,0.000
18-may-2010,0,2.300
19-may-2010,0,0.200
20-may-2010,0,0.000
21-may-2010,0,0.000
22-may-2010,0,0.000
23-may-2010,0,0.000
24-may-2010,0,0.000
25-may-2010,0,0.000
26-may-2010,0,0.000
27-may-2010,0,0.000
28-may-2010,0,6.500
29-may-2010,0,1.000
30-may-2010,0,0.000
31-may-2010,0,25.600
01-jun-2010,0,0.000
02-jun-2010,0,0.000
03-jun-2010,0,0.000
04-jun-2010,0,0.000
05-jun-2010,0,0.000
06-jun-2010,0,7.500
07-jun-2010,0,9.600
08-jun-2010,0,1.100
09-jun-2010,0,0.000
10-jun-2010,0,0.000
11-jun-2010,0,0.000
12-jun-2010,1,0.100
13-jun-2010,1,3.000
14-jun-2010,0,0.000
15-jun-2010,0,0.000
16-jun-2010,0,0.000
17-jun-2010,0,0.000
18-jun-2010,0,0.000
19-jun-2010,0,0.000
20-jun-2010,0,0.000
21-jun-2010,0,0.000
22-jun-2010,0,0.000
23-jun-2010,0,0.100
24-jun-2010,0,0.000
25-jun-2010,0,0.000
26-jun-2010,0,0.000
27-jun-2010,0,0.000
28-jun-2010,0,3.500
29-jun-2010,0,0.000
30-jun-2010,0,6.500
01-jul-2010,0,0.200
02-jul-2010,0,0.000
03-jul-2010,0,0.000
04-jul-2010,0,1.200
05-jul-2010,0,0.800
06-jul-2010,0,1.000
07-jul-2010,0,0.000
08-jul-2010,0,5.300
09-jul-2010,0,22.500
10-jul-2010,0,4.300
11-jul-2010,0,8.600
12-jul-2010,0,0.000
13-jul-2010,0,8.100
14-jul-2010,0,0.300
15-jul-2010,0,12.700
16-jul-2010,0,0.000
17-jul-2010,1,2.400
18-jul-2010,1,5.700
19-jul-2010,0,5.400
20-jul-2010,0,6.500
21-jul-2010,0,3.400
22-jul-2010,0,0.100
23-jul-2010,1,0.400
24-jul-2010,1,0.300
25-jul-2010,1,0.000
26-jul-2010,0,0.000
27-jul-2010,0,0.000
28-jul-2010,0,1.700
29-jul-2010,0,2.900
30-jul-2010,0,0.000
31-jul-2010,0,0.000
01-aug-2010,1,2.200
02-aug-2010,1,0.300
03-aug-2010,0,5.900
04-aug-2010,0,1.000
05-aug-2010,0,1.200
06-aug-2010,1,2.900
07-aug-2010,1,0.000
08-aug-2010,1,2.400
09-aug-2010,0,0.000
10-aug-2010,0,0.000
11-aug-2010,0,1.100
12-aug-2010,0,0.000
13-aug-2010,0,0.000
14-aug-2010,0,0.000
15-aug-2010,0,0.000
16-aug-2010,0,6.200
17-aug-2010,0,0.800
18-aug-2010,0,3.500
19-aug-2010,0,3.300
20-aug-2010,1,2.600
21-aug-2010,1,2.600
22-aug-2010,1,8.600
23-aug-2010,0,3.900
24-aug-2010,0,0.000
25-aug-2010,0,0.000
26-aug-2010,0,0.000
27-aug-2010,0,0.000
28-aug-2010,1,0.600
29-aug-2010,1,0.000
30-aug-2010,0,0.000
31-aug-2010,0,0.000
01-sep-2010,0,0.000
02-sep-2010,0,0.000
03-sep-2010,0,0.000
04-sep-2010,1,8.400
05-sep-2010,1,11.100
06-sep-2010,0,34.300
07-sep-2010,0,7.200
08-sep-2010,0,1.200
09-sep-2010,0,9.800
10-sep-2010,1,11.700
11-sep-2010,1,1.800
12-sep-2010,1,1.700
13-sep-2010,0,13.400
14-sep-2010,0,0.200
15-sep-2010,0,0.000
16-sep-2010,0,0.500
17-sep-2010,0,0.000
18-sep-2010,0,13.100
19-sep-2010,0,0.200
20-sep-2010,0,0.300
21-sep-2010,0,4.900
22-sep-2010,0,6.800
23-sep-2010,0,3.700
24-sep-2010,0,0.000
25-sep-2010,0,0.000
26-sep-2010,0,0.000
27-sep-2010,0,0.000
28-sep-2010,0,3.400
29-sep-2010,0,0.000
30-sep-2010,0,3.200
01-oct-2010,1,0.300
02-oct-2010,1,3.200
03-oct-2010,1,0.200
04-oct-2010,0,0.400
05-oct-2010,0,0.300
06-oct-2010,0,0.200
07-oct-2010,0,0.000
08-oct-2010,0,0.000
09-oct-2010,0,0.000
10-oct-2010,0,0.000
11-oct-2010,0,0.000
12-oct-2010,0,0.000
13-oct-2010,0,0.000
14-oct-2010,0,0.000
15-oct-2010,0,0.000
16-oct-2010,0,0.000
17-oct-2010,0,0.000
18-oct-2010,0,1.600
19-oct-2010,0,0.000
20-oct-2010,0,0.000
21-oct-2010,0,0.000
22-oct-2010,1,6.100
23-oct-2010,1,0.000
24-oct-2010,1,0.000
25-oct-2010,1,5.200
26-oct-2010,0,0.600
27-oct-2010,0,2.900
28-oct-2010,0,3.200
29-oct-2010,1,23.800
30-oct-2010,1,3.600
31-oct-2010,1,3.100
01-nov-2010,0,1.600
02-nov-2010,0,11.100
03-nov-2010,0,6.700
04-nov-2010,0,8.600
05-nov-2010,0,3.100
06-nov-2010,1,2.100
07-nov-2010,1,12.400
08-nov-2010,0,11.500
09-nov-2010,0,0.400
10-nov-2010,0,4.100
11-nov-2010,0,1.900
12-nov-2010,1,3.300
13-nov-2010,1,1.700
14-nov-2010,1,0.000
15-nov-2010,0,0.000
16-nov-2010,0,3.400
17-nov-2010,0,2.200
18-nov-2010,0,0.000
19-nov-2010,1,0.000
20-nov-2010,1,3.900
21-nov-2010,1,4.300
22-nov-2010,0,12.500
23-nov-2010,0,0.000
24-nov-2010,0,0.000
25-nov-2010,0,1.000
26-nov-2010,1,7.300
27-nov-2010,1,0.200
28-nov-2010,1,0.100
29-nov-2010,0,12.500
30-nov-2010,0,1.600
01-dec-2010,1,11.400
02-dec-2010,1,1.200
03-dec-2010,1,3.600
04-dec-2010,1,0.500
05-dec-2010,1,0.000
06-dec-2010,0,2.200
07-dec-2010,0,0.000
08-dec-2010,0,3.700
09-dec-2010,0,0.000
10-dec-2010,0,0.400
11-dec-2010,0,0.000
12-dec-2010,0,0.000
13-dec-2010,0,0.000
14-dec-2010,0,0.100
15-dec-2010,0,0.000
16-dec-2010,0,0.000
17-dec-2010,1,0.300
18-dec-2010,1,0.000
19-dec-2010,1,0.000
20-dec-2010,1,1.500
21-dec-2010,1,8.500
22-dec-2010,1,0.600
23-dec-2010,1,0.100
24-dec-2010,1,0.000
25-dec-2010,1,0.000
26-dec-2010,1,10.100
27-dec-2010,0,5.700
28-dec-2010,0,0.200
29-dec-2010,0,0.100
30-dec-2010,0,0.000
31-dec-2010,0,0.000
01-jan-2011,0,0.000
02-jan-2011,0,0.000
03-jan-2011,0,0.400
04-jan-2011,0,1.100
05-jan-2011,0,0.000
06-jan-2011,0,0.000
07-jan-2011,0,14.800
08-jan-2011,1,0.400
09-jan-2011,1,3.000
10-jan-2011,0,4.900
11-jan-2011,0,2.900
12-jan-2011,0,2.800
13-jan-2011,0,1.000
14-jan-2011,0,6.100
15-jan-2011,0,3.200
16-jan-2011,0,0.100
17-jan-2011,0,0.000
18-jan-2011,0,0.000
19-jan-2011,0,0.000
20-jan-2011,0,0.000
21-jan-2011,0,0.200
22-jan-2011,0,0.000
23-jan-2011,0,0.100
24-jan-2011,0,0.600
25-jan-2011,0,1.600
26-jan-2011,0,1.400
27-jan-2011,0,0.000
28-jan-2011,0,0.000
29-jan-2011,0,0.000
30-jan-2011,0,0.000
31-jan-2011,0,1.000
01-feb-2011,0,1.000
02-feb-2011,0,1.000
03-feb-2011,0,7.400
04-feb-2011,1,12.200
05-feb-2011,1,21.400
06-feb-2011,0,4.900
07-feb-2011,0,0.800
08-feb-2011,0,5.400
09-feb-2011,0,5.500
10-feb-2011,0,0.300
11-feb-2011,1,1.300
12-feb-2011,1,3.900
13-feb-2011,1,1.500
14-feb-2011,0,0.000
15-feb-2011,0,9.700
16-feb-2011,0,1.800
17-feb-2011,0,0.500
18-feb-2011,1,4.800
19-feb-2011,1,0.200
20-feb-2011,1,0.600
21-feb-2011,0,0.100
22-feb-2011,0,1.200
23-feb-2011,0,0.000
24-feb-2011,0,0.400
25-feb-2011,1,1.200
26-feb-2011,1,0.500
27-feb-2011,1,0.000
28-feb-2011,0,0.000
01-mar-2011,0,0.000
02-mar-2011,0,0.000
03-mar-2011,0,0.000
04-mar-2011,0,0.000
05-mar-2011,0,1.600
06-mar-2011,0,0.000
07-mar-2011,0,0.000
08-mar-2011,0,0.100
09-mar-2011,0,0.600
10-mar-2011,0,0.200
11-mar-2011,1,8.900
12-mar-2011,1,0.000
13-mar-2011,1,4.700
14-mar-2011,0,2.300
15-mar-2011,0,0.000
16-mar-2011,0,0.000
17-mar-2011,0,0.800
18-mar-2011,0,0.000
19-mar-2011,1,1.500
20-mar-2011,1,0.000
21-mar-2011,0,0.000
22-mar-2011,0,0.000
23-mar-2011,0,0.000
24-mar-2011,0,0.000
25-mar-2011,0,0.000
26-mar-2011,0,0.000
27-mar-2011,0,0.000
28-mar-2011,0,0.000
29-mar-2011,0,2.000
30-mar-2011,0,3.400
31-mar-2011,0,0.800
01-apr-2011,0,0.000
02-apr-2011,1,8.000
03-apr-2011,1,1.000
04-apr-2011,0,7.000
05-apr-2011,0,3.700
06-apr-2011,0,0.300
07-apr-2011,0,0.100
08-apr-2011,0,0.000
09-apr-2011,1,0.100
10-apr-2011,1,0.100
11-apr-2011,0,2.100
12-apr-2011,0,5.500
13-apr-2011,0,0.200
14-apr-2011,0,0.200
15-apr-2011,0,0.000
16-apr-2011,0,0.000
17-apr-2011,0,0.100
18-apr-2011,0,0.000
19-apr-2011,0,0.000
20-apr-2011,0,0.000
21-apr-2011,0,0.000
22-apr-2011,0,1.600
23-apr-2011,0,0.000
24-apr-2011,0,0.000
25-apr-2011,0,0.000
26-apr-2011,0,2.600
27-apr-2011,0,0.000
28-apr-2011,0,0.000
29-apr-2011,0,0.000
30-apr-2011,0,0.000
01-may-2011,0,0.000
02-may-2011,0,0.000
03-may-2011,0,0.000
04-may-2011,0,1.800
05-may-2011,0,2.700
06-may-2011,1,1.600
07-may-2011,1,15.400
08-may-2011,1,0.200
09-may-2011,0,0.300
10-may-2011,0,0.100
11-may-2011,0,0.100
12-may-2011,0,1.400
13-may-2011,0,3.100
14-may-2011,1,1.600
15-may-2011,1,0.100
16-may-2011,0,0.800
17-may-2011,0,0.700
18-may-2011,0,0.000
19-may-2011,0,0.200
20-may-2011,1,0.300
21-may-2011,1,11.300
22-may-2011,0,5.100
23-may-2011,0,0.400
24-may-2011,0,0.000
25-may-2011,0,4.100
26-may-2011,0,0.200
27-may-2011,0,0.000
28-may-2011,0,1.000
29-may-2011,0,0.000
30-may-2011,0,0.700
31-may-2011,0,0.000
01-jun-2011,0,0.000
02-jun-2011,0,0.000
03-jun-2011,0,0.000
04-jun-2011,0,0.000
05-jun-2011,1,0.300
06-jun-2011,1,0.900
07-jun-2011,0,4.900
08-jun-2011,0,1.600
09-jun-2011,0,0.900
10-jun-2011,0,0.400
11-jun-2011,0,0.000
12-jun-2011,0,3.900
13-jun-2011,0,0.000
14-jun-2011,0,0.100
15-jun-2011,0,0.000
16-jun-2011,0,10.000
17-jun-2011,0,12.100
18-jun-2011,0,1.000
19-jun-2011,0,0.000
20-jun-2011,0,10.100
21-jun-2011,0,2.700
22-jun-2011,0,1.100
23-jun-2011,0,0.600
24-jun-2011,0,13.000
25-jun-2011,0,0.000
26-jun-2011,0,0.000
27-jun-2011,0,0.000
28-jun-2011,0,0.700
29-jun-2011,0,0.000
30-jun-2011,0,0.000
01-jul-2011,0,0.000
02-jul-2011,0,0.000
03-jul-2011,0,0.000
04-jul-2011,0,9.500
05-jul-2011,0,4.300
06-jul-2011,0,3.400
07-jul-2011,0,4.400
08-jul-2011,0,0.700
09-jul-2011,0,0.000
10-jul-2011,0,0.000
11-jul-2011,0,1.500
12-jul-2011,0,0.000
13-jul-2011,0,0.000
14-jul-2011,0,0.700
15-jul-2011,0,0.000
16-jul-2011,1,8.300
17-jul-2011,1,0.800
18-jul-2011,0,0.500
19-jul-2011,0,0.000
20-jul-2011,0,0.700
21-jul-2011,0,0.700
22-jul-2011,0,0.000
23-jul-2011,0,0.000
24-jul-2011,0,0.000
25-jul-2011,0,0.000
26-jul-2011,0,0.000
27-jul-2011,0,7.000
28-jul-2011,0,0.000
29-jul-2011,1,0.000
30-jul-2011,1,2.500
31-jul-2011,0,0.000
01-aug-2011,0,0.000
02-aug-2011,0,0.000
03-aug-2011,0,0.600
04-aug-2011,0,5.700
05-aug-2011,1,0.000
06-aug-2011,1,11.900
07-aug-2011,1,0.700
08-aug-2011,0,0.300
09-aug-2011,0,0.000
10-aug-2011,0,11.300
11-aug-2011,0,0.200
12-aug-2011,1,2.300
13-aug-2011,1,0.400
14-aug-2011,0,0.100
15-aug-2011,0,8.500
16-aug-2011,0,0.000
17-aug-2011,0,0.000
18-aug-2011,0,0.500
19-aug-2011,1,0.500
20-aug-2011,1,0.000
21-aug-2011,1,0.000
22-aug-2011,0,0.000
23-aug-2011,0,0.100
24-aug-2011,0,0.800
25-aug-2011,0,0.000
26-aug-2011,1,0.600
27-aug-2011,1,4.400
28-aug-2011,1,2.900
29-aug-2011,0,0.000
30-aug-2011,0,0.000
31-aug-2011,0,0.000
01-sep-2011,0,0.800
02-sep-2011,1,8.900
03-sep-2011,1,0.300
04-sep-2011,1,8.300
05-sep-2011,0,6.700
06-sep-2011,0,3.800
07-sep-2011,0,3.900
08-sep-2011,0,0.900
09-sep-2011,1,0.000
10-sep-2011,1,2.000
11-sep-2011,1,4.000
12-sep-2011,0,0.100
13-sep-2011,0,0.000
14-sep-2011,0,0.700
15-sep-2011,0,0.000
16-sep-2011,0,9.000
17-sep-2011,0,3.300
18-sep-2011,0,1.300
19-sep-2011,0,0.500
20-sep-2011,0,0.000
21-sep-2011,0,2.600
22-sep-2011,0,0.300
23-sep-2011,1,0.600
24-sep-2011,1,0.000
25-sep-2011,1,3.200
26-sep-2011,0,0.000
27-sep-2011,0,0.000
28-sep-2011,0,0.000
29-sep-2011,0,0.000
30-sep-2011,0,24.500
01-oct-2011,1,19.700
02-oct-2011,1,0.300
03-oct-2011,0,0.000
04-oct-2011,0,0.300
05-oct-2011,0,6.600
06-oct-2011,0,1.700
07-oct-2011,0,0.000
08-oct-2011,0,0.000
09-oct-2011,0,11.000
10-oct-2011,0,5.500
11-oct-2011,0,1.900
12-oct-2011,0,0.100
13-oct-2011,0,0.000
14-oct-2011,1,0.200
15-oct-2011,1,1.400
16-oct-2011,1,0.000
17-oct-2011,0,7.300
18-oct-2011,0,0.300
19-oct-2011,0,0.000
20-oct-2011,0,0.500
21-oct-2011,0,0.000
22-oct-2011,1,0.900
23-oct-2011,1,18.200
24-oct-2011,0,52.800
25-oct-2011,0,4.900
26-oct-2011,0,0.000
27-oct-2011,0,0.000
28-oct-2011,1,3.200
29-oct-2011,1,2.000
30-oct-2011,1,1.100
31-oct-2011,0,1.300
01-nov-2011,0,0.000
02-nov-2011,0,0.800
03-nov-2011,0,2.200
04-nov-2011,0,0.000
05-nov-2011,0,0.000
06-nov-2011,0,0.000
07-nov-2011,0,0.000
08-nov-2011,0,0.500
09-nov-2011,0,0.500
10-nov-2011,0,0.000
11-nov-2011,0,10.400
12-nov-2011,0,0.000
13-nov-2011,0,0.000
14-nov-2011,0,0.000
15-nov-2011,0,0.000
16-nov-2011,0,8.500
17-nov-2011,0,1.300
18-nov-2011,0,0.000
19-nov-2011,1,0.400
20-nov-2011,1,0.300
21-nov-2011,0,0.000
22-nov-2011,0,0.000
23-nov-2011,0,0.000
24-nov-2011,0,9.100
25-nov-2011,0,0.000
26-nov-2011,0,2.400
27-nov-2011,0,0.000
28-nov-2011,0,3.500
29-nov-2011,0,8.800
30-nov-2011,0,5.300
01-dec-2011,0,0.000
02-dec-2011,0,3.000
03-dec-2011,0,0.000
04-dec-2011,0,0.200
05-dec-2011,0,0.000
06-dec-2011,0,1.200
07-dec-2011,0,1.400
08-dec-2011,0,1.200
09-dec-2011,1,0.000
10-dec-2011,1,0.500
11-dec-2011,1,3.100
12-dec-2011,0,8.900
13-dec-2011,0,2.600
14-dec-2011,0,0.700
15-dec-2011,0,0.000
16-dec-2011,0,0.000
17-dec-2011,0,0.000
18-dec-2011,0,4.700
19-dec-2011,0,2.200
20-dec-2011,0,4.300
21-dec-2011,0,0.000
22-dec-2011,0,5.400
23-dec-2011,0,0.000
24-dec-2011,0,0.000
25-dec-2011,1,0.500
26-dec-2011,1,3.200
27-dec-2011,1,6.000
28-dec-2011,0,2.300
29-dec-2011,0,0.600
30-dec-2011,0,3.600
31-dec-2011,0,2.100
01-jan-2012,1,1.800
02-jan-2012,1,13.200
03-jan-2012,0,2.400
04-jan-2012,0,6.800
05-jan-2012,0,0.300
06-jan-2012,0,0.300
07-jan-2012,1,0.000
08-jan-2012,1,0.200
09-jan-2012,0,0.300
10-jan-2012,0,1.700
11-jan-2012,0,1.200
12-jan-2012,0,0.000
13-jan-2012,0,0.000
14-jan-2012,0,0.000
15-jan-2012,0,0.000
16-jan-2012,0,0.000
17-jan-2012,0,0.300
18-jan-2012,0,0.600
19-jan-2012,0,0.600
20-jan-2012,0,1.600
21-jan-2012,0,0.000
22-jan-2012,0,0.000
23-jan-2012,0,6.600
24-jan-2012,0,0.200
25-jan-2012,0,8.800
26-jan-2012,0,0.100
27-jan-2012,0,0.000
28-jan-2012,1,10.300
29-jan-2012,1,17.000
30-jan-2012,0,0.800
31-jan-2012,0,0.000
01-feb-2012,0,0.000
02-feb-2012,0,0.000
03-feb-2012,0,0.500
04-feb-2012,1,2.300
05-feb-2012,1,0.500
06-feb-2012,0,0.200
07-feb-2012,0,0.000
08-feb-2012,0,0.100
09-feb-2012,0,3.600
10-feb-2012,1,4.100
11-feb-2012,1,0.100
12-feb-2012,0,0.000
13-feb-2012,0,0.000
14-feb-2012,0,0.000
15-feb-2012,0,0.000
16-feb-2012,0,0.400
17-feb-2012,1,3.400
18-feb-2012,1,0.200
19-feb-2012,1,0.100
20-feb-2012,0,0.900
21-feb-2012,0,1.300
22-feb-2012,0,1.800
23-feb-2012,0,1.800
24-feb-2012,0,0.100
25-feb-2012,0,0.000
26-feb-2012,0,0.700
27-feb-2012,0,1.300
28-feb-2012,0,0.100
29-feb-2012,0,0.000
01-mar-2012,0,0.000
02-mar-2012,1,1.700
03-mar-2012,1,2.300
04-mar-2012,1,0.100
05-mar-2012,0,0.000
06-mar-2012,0,2.600
07-mar-2012,0,1.200
08-mar-2012,0,0.100
09-mar-2012,0,0.000
10-mar-2012,0,0.100
11-mar-2012,0,0.000
12-mar-2012,0,0.000
13-mar-2012,0,0.000
14-mar-2012,0,0.000
15-mar-2012,0,0.000
16-mar-2012,0,9.100
17-mar-2012,1,20.700
18-mar-2012,1,0.000
19-mar-2012,1,0.000
20-mar-2012,0,0.000
21-mar-2012,0,0.000
22-mar-2012,0,0.600
23-mar-2012,0,0.000
24-mar-2012,0,0.000
25-mar-2012,0,0.000
26-mar-2012,0,0.000
27-mar-2012,0,0.000
28-mar-2012,0,0.000
29-mar-2012,0,0.000
30-mar-2012,0,0.000
31-mar-2012,0,0.000
01-apr-2012,0,0.200
02-apr-2012,0,2.300
03-apr-2012,0,2.000
04-apr-2012,0,0.000
05-apr-2012,0,0.200
06-apr-2012,0,0.000
07-apr-2012,0,0.000
08-apr-2012,0,5.500
09-apr-2012,0,5.200
10-apr-2012,0,1.800
11-apr-2012,0,1.200
12-apr-2012,0,0.000
13-apr-2012,0,0.000
14-apr-2012,0,0.000
15-apr-2012,0,0.000
16-apr-2012,0,8.000
17-apr-2012,0,12.900
18-apr-2012,0,4.900
19-apr-2012,0,0.900
20-apr-2012,0,2.900
21-apr-2012,0,0.000
22-apr-2012,0,5.100
23-apr-2012,0,2.000
24-apr-2012,0,1.000
25-apr-2012,0,27.100
26-apr-2012,0,2.600
27-apr-2012,0,0.000
28-apr-2012,0,0.000
29-apr-2012,0,7.200
30-apr-2012,0,0.800
01-may-2012,0,14.800
02-may-2012,0,0.000
03-may-2012,0,0.000
04-may-2012,1,1.700
05-may-2012,1,0.000
06-may-2012,1,6.300
07-may-2012,1,4.000
08-may-2012,0,0.400
09-may-2012,0,9.100
10-may-2012,0,5.100
11-may-2012,1,0.300
12-may-2012,1,0.000
13-may-2012,0,0.200
14-may-2012,0,1.800
15-may-2012,0,0.000
16-may-2012,0,3.400
17-may-2012,0,0.000
18-may-2012,1,3.000
19-may-2012,1,0.000
20-may-2012,1,0.000
21-may-2012,0,0.000
22-may-2012,0,0.000
23-may-2012,0,0.000
24-may-2012,0,0.000
25-may-2012,0,0.000
26-may-2012,0,0.000
27-may-2012,0,0.000
28-may-2012,0,0.000
29-may-2012,0,0.700
30-may-2012,0,2.600
31-may-2012,0,1.200
01-jun-2012,1,0.000
02-jun-2012,1,19.700
03-jun-2012,1,0.800
04-jun-2012,1,0.100
05-jun-2012,0,3.700
06-jun-2012,0,6.300
07-jun-2012,0,31.200
08-jun-2012,0,10.400
09-jun-2012,0,0.000
10-jun-2012,0,0.000
11-jun-2012,0,0.000
12-jun-2012,0,0.000
13-jun-2012,0,8.200
14-jun-2012,0,9.600
15-jun-2012,1,14.600
16-jun-2012,1,0.300
17-jun-2012,1,0.700
18-jun-2012,0,2.600
19-jun-2012,0,0.000
20-jun-2012,0,8.900
21-jun-2012,0,6.800
22-jun-2012,1,1.500
23-jun-2012,1,1.100
24-jun-2012,1,0.200
25-jun-2012,0,0.000
26-jun-2012,0,4.800
27-jun-2012,0,22.400
28-jun-2012,0,3.500
29-jun-2012,1,2.900
30-jun-2012,1,2.100
01-jul-2012,0,5.600
02-jul-2012,0,4.300
03-jul-2012,0,6.000
04-jul-2012,0,0.000
05-jul-2012,0,0.000
06-jul-2012,0,14.300
07-jul-2012,0,1.300
08-jul-2012,0,0.600
09-jul-2012,0,9.600
10-jul-2012,0,0.900
11-jul-2012,0,3.900
12-jul-2012,0,1.000
13-jul-2012,0,0.000
14-jul-2012,0,0.000
15-jul-2012,0,6.300
16-jul-2012,0,4.700
17-jul-2012,0,5.100
18-jul-2012,0,2.000
19-jul-2012,0,0.000
20-jul-2012,0,0.000
21-jul-2012,0,0.000
22-jul-2012,0,0.000
23-jul-2012,0,5.800
24-jul-2012,0,13.700
25-jul-2012,0,0.000
26-jul-2012,0,0.000
27-jul-2012,1,0.400
28-jul-2012,1,3.400
29-jul-2012,1,2.000
30-jul-2012,0,0.100
31-jul-2012,0,5.500
01-aug-2012,0,5.200
02-aug-2012,0,1.100
03-aug-2012,0,5.900
04-aug-2012,0,0.000
05-aug-2012,0,0.000
06-aug-2012,0,0.100
07-aug-2012,0,0.000
08-aug-2012,0,0.000
09-aug-2012,0,0.000
10-aug-2012,0,0.000
11-aug-2012,0,0.000
12-aug-2012,0,5.800
13-aug-2012,0,0.300
14-aug-2012,0,2.000
15-aug-2012,0,10.000
16-aug-2012,0,15.600
17-aug-2012,1,1.200
18-aug-2012,1,0.000
19-aug-2012,1,1.600
20-aug-2012,0,6.900
21-aug-2012,0,1.300
22-aug-2012,0,0.300
23-aug-2012,0,1.700
24-aug-2012,1,2.100
25-aug-2012,1,0.800
26-aug-2012,1,2.200
27-aug-2012,0,18.800
28-aug-2012,0,3.800
29-aug-2012,0,7.300
30-aug-2012,0,0.000
31-aug-2012,0,0.800
01-sep-2012,0,0.000
02-sep-2012,0,1.100
03-sep-2012,0,0.900
04-sep-2012,0,0.000
05-sep-2012,0,0.000
06-sep-2012,0,0.000
07-sep-2012,0,0.000
08-sep-2012,0,0.000
09-sep-2012,0,1.200
10-sep-2012,0,5.800
11-sep-2012,0,1.300
12-sep-2012,0,0.000
13-sep-2012,0,1.500
14-sep-2012,0,0.000
15-sep-2012,0,0.000
16-sep-2012,0,3.700
17-sep-2012,0,3.500
18-sep-2012,0,0.100
19-sep-2012,0,1.000
20-sep-2012,0,6.300
21-sep-2012,0,0.000
22-sep-2012,0,0.000
23-sep-2012,0,4.300
24-sep-2012,0,35.000
25-sep-2012,0,14.400
26-sep-2012,0,0.000
27-sep-2012,0,0.200
28-sep-2012,0,0.000
29-sep-2012,1,0.600
30-sep-2012,1,1.800
01-oct-2012,0,2.400
02-oct-2012,0,5.300
03-oct-2012,0,2.600
04-oct-2012,0,2.400
05-oct-2012,0,0.000
06-oct-2012,0,0.000
07-oct-2012,0,2.700
08-oct-2012,0,0.000
09-oct-2012,0,0.000
10-oct-2012,0,0.400
11-oct-2012,0,11.300
12-oct-2012,0,0.000
13-oct-2012,0,4.100
14-oct-2012,0,8.600
15-oct-2012,0,18.800
16-oct-2012,0,7.200
17-oct-2012,0,1.700
18-oct-2012,0,0.000
19-oct-2012,0,0.000
20-oct-2012,0,0.000
21-oct-2012,0,0.000
22-oct-2012,0,0.600
23-oct-2012,0,0.500
24-oct-2012,0,0.600
25-oct-2012,0,2.500
26-oct-2012,0,0.000
27-oct-2012,0,0.000
28-oct-2012,1,3.500
29-oct-2012,1,0.100
30-oct-2012,0,5.500
31-oct-2012,0,0.400
01-nov-2012,0,0.700
02-nov-2012,0,0.000
03-nov-2012,0,0.000
04-nov-2012,0,7.300
05-nov-2012,0,0.000
06-nov-2012,0,0.000
07-nov-2012,0,0.100
08-nov-2012,0,6.200
09-nov-2012,0,0.000
10-nov-2012,0,0.000
11-nov-2012,0,4.000
12-nov-2012,0,0.000
13-nov-2012,0,2.400
14-nov-2012,0,0.000
15-nov-2012,0,0.000
16-nov-2012,0,0.000
17-nov-2012,0,0.000
18-nov-2012,0,12.200
19-nov-2012,0,0.000
20-nov-2012,0,0.500
21-nov-2012,0,11.900
22-nov-2012,0,3.100
23-nov-2012,0,0.000
24-nov-2012,0,0.000
25-nov-2012,0,23.600
26-nov-2012,0,0.000
27-nov-2012,0,0.000
28-nov-2012,0,0.000
29-nov-2012,0,0.000
30-nov-2012,0,0.000
01-dec-2012,0,0.000
02-dec-2012,0,6.300
03-dec-2012,0,0.100
04-dec-2012,0,0.300
05-dec-2012,0,1.000
06-dec-2012,0,8.600
07-dec-2012,0,0.000
08-dec-2012,0,0.000
09-dec-2012,0,0.000
10-dec-2012,0,0.000
11-dec-2012,0,0.000
12-dec-2012,0,1.200
13-dec-2012,0,4.500
14-dec-2012,0,2.700
15-dec-2012,0,0.000
16-dec-2012,0,2.200
17-dec-2012,0,1.200
18-dec-2012,0,4.500
19-dec-2012,0,4.400
20-dec-2012,0,1.700
21-dec-2012,1,6.500
22-dec-2012,1,1.000
23-dec-2012,1,2.100
24-dec-2012,1,1.400
25-dec-2012,1,0.000
26-dec-2012,1,4.100
27-dec-2012,0,3.700
28-dec-2012,1,1.200
29-dec-2012,1,0.800
30-dec-2012,0,3.300
31-dec-2012,0,0.800
01-jan-2013,0,0.000
02-jan-2013,0,0.200
03-jan-2013,0,0.000
04-jan-2013,0,0.000
05-jan-2013,0,0.000
06-jan-2013,0,3.300
07-jan-2013,0,3.500
08-jan-2013,0,0.000
09-jan-2013,0,0.000
10-jan-2013,0,1.100
11-jan-2013,1,1.000
12-jan-2013,1,0.000
13-jan-2013,1,3.400
14-jan-2013,0,0.200
15-jan-2013,0,0.000
16-jan-2013,0,5.100
17-jan-2013,0,11.300
18-jan-2013,0,23.000
19-jan-2013,1,0.900
20-jan-2013,1,1.600
21-jan-2013,0,4.700
22-jan-2013,0,0.000
23-jan-2013,0,0.400
24-jan-2013,0,5.200
25-jan-2013,1,15.100
26-jan-2013,1,6.300
27-jan-2013,1,0.900
28-jan-2013,0,4.800
29-jan-2013,0,2.900
30-jan-2013,0,9.700
31-jan-2013,0,1.900
01-feb-2013,0,0.000
02-feb-2013,0,2.900
03-feb-2013,0,0.100
04-feb-2013,0,3.100
05-feb-2013,0,0.600
06-feb-2013,0,0.000
07-feb-2013,0,6.400
08-feb-2013,1,3.700
09-feb-2013,1,9.200
10-feb-2013,1,7.100
11-feb-2013,0,1.300
12-feb-2013,0,5.800
13-feb-2013,0,3.600
14-feb-2013,0,0.100
15-feb-2013,0,0.000
16-feb-2013,0,0.000
17-feb-2013,0,0.000
18-feb-2013,0,0.000
19-feb-2013,0,0.000
20-feb-2013,0,0.000
21-feb-2013,0,0.000
22-feb-2013,0,0.000
23-feb-2013,0,0.200
24-feb-2013,0,0.000
25-feb-2013,0,0.000
26-feb-2013,0,0.000
27-feb-2013,0,0.000
28-feb-2013,0,0.000
01-mar-2013,0,0.000
02-mar-2013,0,0.000
03-mar-2013,0,0.000
04-mar-2013,0,0.000
05-mar-2013,0,0.000
06-mar-2013,0,8.200
07-mar-2013,0,12.000
08-mar-2013,1,1.800
09-mar-2013,1,0.600
10-mar-2013,0,0.000
11-mar-2013,0,1.300
12-mar-2013,0,0.000
13-mar-2013,0,0.100
14-mar-2013,0,1.700
15-mar-2013,0,0.000
16-mar-2013,0,0.000
17-mar-2013,1,6.700
18-mar-2013,1,6.300
19-mar-2013,0,4.500
20-mar-2013,0,0.200
21-mar-2013,0,10.700
22-mar-2013,0,8.700
23-mar-2013,0,0.000
24-mar-2013,0,0.000
25-mar-2013,0,0.200
26-mar-2013,0,1.000
27-mar-2013,0,1.800
28-mar-2013,0,0.000
29-mar-2013,0,0.000
30-mar-2013,0,0.000
31-mar-2013,0,0.000
01-apr-2013,0,0.000
02-apr-2013,0,0.000
03-apr-2013,0,0.000
04-apr-2013,0,0.000
05-apr-2013,0,0.000
06-apr-2013,0,0.000
07-apr-2013,0,0.000
08-apr-2013,0,0.000
09-apr-2013,0,0.000
10-apr-2013,0,3.600
11-apr-2013,0,8.200
12-apr-2013,0,0.000
13-apr-2013,1,4.900
14-apr-2013,1,0.100
15-apr-2013,0,0.700
16-apr-2013,0,1.300
17-apr-2013,0,7.000
18-apr-2013,0,2.300
19-apr-2013,0,0.000
20-apr-2013,1,4.500
21-apr-2013,1,1.600
22-apr-2013,0,0.000
23-apr-2013,0,0.100
24-apr-2013,0,16.100
25-apr-2013,0,0.800
26-apr-2013,0,0.000
27-apr-2013,0,0.000
28-apr-2013,0,1.600
29-apr-2013,0,0.000
30-apr-2013,0,0.000
01-may-2013,0,0.000
02-may-2013,0,0.000
03-may-2013,0,1.800
04-may-2013,1,0.400
05-may-2013,1,0.400
06-may-2013,1,0.000
07-may-2013,0,1.600
08-may-2013,0,6.700
09-may-2013,1,3.900
10-may-2013,1,0.700
11-may-2013,1,0.700
12-may-2013,0,3.100
13-may-2013,0,0.000
14-may-2013,0,1.000
15-may-2013,0,0.000
16-may-2013,0,0.000
17-may-2013,0,0.000
18-may-2013,1,0.100
19-may-2013,1,0.100
20-may-2013,0,0.000
21-may-2013,0,0.000
22-may-2013,0,0.000
23-may-2013,0,0.000
24-may-2013,0,0.000
25-may-2013,0,0.000
26-may-2013,0,12.600
27-may-2013,0,2.200
28-may-2013,0,7.600
29-may-2013,0,0.000
30-may-2013,0,0.000
31-may-2013,0,0.000
01-jun-2013,0,0.000
02-jun-2013,0,0.000
03-jun-2013,0,0.000
04-jun-2013,0,0.000
05-jun-2013,0,0.000
06-jun-2013,0,0.000
07-jun-2013,0,0.000
08-jun-2013,0,0.000
09-jun-2013,0,0.000
10-jun-2013,0,10.500
11-jun-2013,0,4.500
12-jun-2013,0,19.800
13-jun-2013,0,1.100
14-jun-2013,0,8.600
15-jun-2013,0,0.000
16-jun-2013,0,6.600
17-jun-2013,0,0.600
18-jun-2013,0,0.000
19-jun-2013,0,0.000
20-jun-2013,0,0.200
21-jun-2013,0,2.500
22-jun-2013,1,2.700
23-jun-2013,1,0.300
24-jun-2013,0,0.000
25-jun-2013,0,0.000
26-jun-2013,0,0.000
27-jun-2013,0,3.000
28-jun-2013,0,0.000
29-jun-2013,1,0.000
30-jun-2013,1,0.800
01-jul-2013,0,0.000
02-jul-2013,0,6.000
03-jul-2013,0,0.200
04-jul-2013,0,0.000
05-jul-2013,0,0.000
06-jul-2013,0,0.000
07-jul-2013,0,0.000
08-jul-2013,0,0.000
09-jul-2013,0,0.000
10-jul-2013,0,0.000
11-jul-2013,0,0.000
12-jul-2013,0,0.000
13-jul-2013,0,0.000
14-jul-2013,0,0.000
15-jul-2013,0,0.000
16-jul-2013,0,0.000
17-jul-2013,0,0.000
18-jul-2013,0,0.000
19-jul-2013,0,0.000
20-jul-2013,0,0.000
21-jul-2013,0,0.900
22-jul-2013,0,0.000
23-jul-2013,0,0.200
24-jul-2013,0,26.800
25-jul-2013,0,19.700
26-jul-2013,1,1.500
27-jul-2013,1,4.500
28-jul-2013,1,4.900
29-jul-2013,0,1.000
30-jul-2013,0,2.900
31-jul-2013,0,12.700
01-aug-2013,0,1.300
02-aug-2013,0,4.100
03-aug-2013,0,4.600
04-aug-2013,0,1.300
05-aug-2013,0,0.000
06-aug-2013,0,0.000
07-aug-2013,0,0.000
08-aug-2013,0,0.800
09-aug-2013,0,0.000
10-aug-2013,0,0.000
11-aug-2013,0,0.000
12-aug-2013,0,2.600
13-aug-2013,0,0.100
14-aug-2013,0,1.400
15-aug-2013,0,7.100
16-aug-2013,0,1.700
17-aug-2013,1,5.700
18-aug-2013,1,0.100
19-aug-2013,0,0.000
20-aug-2013,0,0.000
21-aug-2013,0,0.000
22-aug-2013,0,0.000
23-aug-2013,0,3.800
24-aug-2013,0,0.000
25-aug-2013,0,0.300
26-aug-2013,0,0.200
27-aug-2013,0,0.200
28-aug-2013,0,0.000
29-aug-2013,0,0.000
30-aug-2013,0,0.800
31-aug-2013,0,0.000
01-sep-2013,0,0.000
02-sep-2013,0,0.000
03-sep-2013,0,0.000
04-sep-2013,0,0.000
05-sep-2013,0,0.000
06-sep-2013,0,3.400
07-sep-2013,1,3.700
08-sep-2013,1,0.200
09-sep-2013,0,0.000
10-sep-2013,0,0.100
11-sep-2013,0,0.500
12-sep-2013,0,4.000
13-sep-2013,0,0.000
14-sep-2013,0,0.000
15-sep-2013,0,1.200
16-sep-2013,0,0.700
17-sep-2013,0,8.200
18-sep-2013,0,5.000
19-sep-2013,0,0.000
20-sep-2013,1,0.200
21-sep-2013,1,0.000
22-sep-2013,1,0.000
23-sep-2013,0,0.000
24-sep-2013,0,0.000
25-sep-2013,0,0.000
26-sep-2013,0,3.900
27-sep-2013,0,0.000
28-sep-2013,1,0.200
29-sep-2013,1,0.000
30-sep-2013,0,4.600
01-oct-2013,0,10.400
02-oct-2013,0,17.800
03-oct-2013,0,8.900
04-oct-2013,1,0.400
05-oct-2013,1,0.000
06-oct-2013,1,1.400
07-oct-2013,0,0.800
08-oct-2013,0,0.000
09-oct-2013,0,0.000
10-oct-2013,0,0.000
11-oct-2013,0,0.000
12-oct-2013,0,0.000
13-oct-2013,0,0.000
14-oct-2013,0,0.000
15-oct-2013,0,10.400
16-oct-2013,0,23.800
17-oct-2013,0,0.000
18-oct-2013,0,19.400
19-oct-2013,1,8.000
20-oct-2013,1,0.900
21-oct-2013,0,10.400
22-oct-2013,0,2.500
23-oct-2013,0,0.000
24-oct-2013,0,13.100
25-oct-2013,0,4.100
26-oct-2013,1,7.200
27-oct-2013,1,7.500
28-oct-2013,1,0.100
29-oct-2013,0,0.000
30-oct-2013,0,1.200
31-oct-2013,0,0.400
01-nov-2013,0,0.000
02-nov-2013,1,3.900
03-nov-2013,1,0.000
04-nov-2013,0,2.800
05-nov-2013,0,0.000
06-nov-2013,0,2.500
07-nov-2013,0,1.200
08-nov-2013,0,0.000
09-nov-2013,0,0.100
10-nov-2013,0,5.100
11-nov-2013,0,0.000
12-nov-2013,0,0.200
13-nov-2013,0,2.200
14-nov-2013,0,0.000
15-nov-2013,0,0.000
16-nov-2013,0,0.000
17-nov-2013,0,9.900
18-nov-2013,0,0.000
19-nov-2013,0,1.800
20-nov-2013,0,0.200
21-nov-2013,0,0.000
22-nov-2013,0,0.000
23-nov-2013,0,0.000
24-nov-2013,0,0.000
25-nov-2013,0,0.000
26-nov-2013,0,0.000
27-nov-2013,0,0.000
28-nov-2013,0,0.200
29-nov-2013,0,0.300
30-nov-2013,0,0.100
01-dec-2013,0,0.000
02-dec-2013,0,0.000
03-dec-2013,0,0.200
04-dec-2013,0,0.000
05-dec-2013,0,1.000
06-dec-2013,0,0.000
07-dec-2013,0,0.000
08-dec-2013,0,0.000
09-dec-2013,0,0.000
10-dec-2013,0,0.000
11-dec-2013,0,0.000
12-dec-2013,0,1.000
13-dec-2013,0,0.200
14-dec-2013,0,5.800
15-dec-2013,1,6.100
16-dec-2013,1,0.000
17-dec-2013,0,0.000
18-dec-2013,0,11.400
19-dec-2013,0,0.400
20-dec-2013,1,6.100
21-dec-2013,1,11.600
22-dec-2013,1,7.000
23-dec-2013,1,3.000
24-dec-2013,0,1.800
25-dec-2013,1,0.000
26-dec-2013,1,12.400
27-dec-2013,0,4.500
28-dec-2013,1,0.000
29-dec-2013,1,21.700
30-dec-2013,0,4.000
31-dec-2013,0,0.200
01-jan-2014,0,4.800
02-jan-2014,0,4.100
03-jan-2014,1,1.700
04-jan-2014,1,0.000
05-jan-2014,1,5.700
06-jan-2014,0,0.800
07-jan-2014,0,1.300
08-jan-2014,0,8.400
09-jan-2014,0,0.100
10-jan-2014,0,0.000
11-jan-2014,1,0.000
12-jan-2014,1,4.700
13-jan-2014,0,0.000
14-jan-2014,0,8.000
15-jan-2014,0,2.600
16-jan-2014,0,1.600
17-jan-2014,1,0.600
18-jan-2014,1,5.400
19-jan-2014,0,0.000
20-jan-2014,0,0.600
21-jan-2014,0,0.600
22-jan-2014,0,1.600
23-jan-2014,0,7.800
24-jan-2014,0,4.400
25-jan-2014,1,10.200
26-jan-2014,1,0.900
27-jan-2014,0,9.100
28-jan-2014,0,1.800
29-jan-2014,0,9.200
30-jan-2014,0,2.600
31-jan-2014,0,8.400
01-feb-2014,0,2.800
02-feb-2014,0,4.600
03-feb-2014,0,5.500
04-feb-2014,0,21.500
05-feb-2014,0,3.200
06-feb-2014,0,0.000
07-feb-2014,1,1.500
08-feb-2014,1,2.300
09-feb-2014,0,0.000
10-feb-2014,0,2.800
11-feb-2014,0,3.000
12-feb-2014,0,4.700
13-feb-2014,0,0.200
14-feb-2014,0,15.400
15-feb-2014,0,0.000
16-feb-2014,0,1.600
17-feb-2014,0,5.200
18-feb-2014,0,0.200
19-feb-2014,0,0.300
20-feb-2014,0,1.800
21-feb-2014,0,3.200
22-feb-2014,0,0.000
23-feb-2014,0,6.900
24-feb-2014,0,0.700
25-feb-2014,0,2.300
26-feb-2014,0,4.300
27-feb-2014,0,0.400
28-feb-2014,0,0.000
01-mar-2014,1,0.600
02-mar-2014,1,7.200
03-mar-2014,0,0.000
04-mar-2014,0,0.000
05-mar-2014,0,0.500
06-mar-2014,0,10.500
07-mar-2014,0,0.000
08-mar-2014,0,0.000
09-mar-2014,0,4.000
10-mar-2014,0,0.000
11-mar-2014,0,0.000
12-mar-2014,0,0.000
13-mar-2014,0,0.000
14-mar-2014,0,0.000
15-mar-2014,0,0.000
16-mar-2014,0,0.000
17-mar-2014,0,1.300
18-mar-2014,0,0.000
19-mar-2014,0,1.500
20-mar-2014,0,9.000
21-mar-2014,0,5.700
22-mar-2014,1,0.700
23-mar-2014,1,0.000
24-mar-2014,1,1.600
25-mar-2014,0,0.000
26-mar-2014,0,6.000
27-mar-2014,0,1.900
28-mar-2014,1,9.900
29-mar-2014,1,0.200
30-mar-2014,1,0.300
31-mar-2014,0,1.200
01-apr-2014,0,5.000
02-apr-2014,0,11.900
03-apr-2014,0,0.000
04-apr-2014,0,2.000
05-apr-2014,0,0.100
06-apr-2014,0,0.900
07-apr-2014,0,1.200
08-apr-2014,0,0.000
09-apr-2014,0,0.000
10-apr-2014,0,1.500
11-apr-2014,0,0.000
12-apr-2014,0,0.000
13-apr-2014,0,0.000
14-apr-2014,0,0.000
15-apr-2014,0,0.000
16-apr-2014,0,0.000
17-apr-2014,0,0.800
18-apr-2014,0,0.000
19-apr-2014,0,0.000
20-apr-2014,0,4.000
21-apr-2014,0,0.000
22-apr-2014,0,0.800
23-apr-2014,0,0.000
24-apr-2014,0,0.000
25-apr-2014,1,5.300
26-apr-2014,1,1.600
27-apr-2014,1,0.500
28-apr-2014,0,0.100
29-apr-2014,0,0.000
30-apr-2014,0,1.900
01-may-2014,1,0.400
02-may-2014,1,0.000
03-may-2014,0,0.400
04-may-2014,0,0.000
05-may-2014,0,2.400
06-may-2014,0,2.600
07-may-2014,0,1.000
08-may-2014,0,7.100
09-may-2014,1,7.500
10-may-2014,1,10.900
11-may-2014,1,4.000
12-may-2014,0,1.100
13-may-2014,0,0.200
14-may-2014,0,0.000
15-may-2014,0,0.000
16-may-2014,0,0.000
17-may-2014,0,0.000
18-may-2014,0,13.500
19-may-2014,0,2.700
20-may-2014,0,5.400
21-may-2014,0,0.000
22-may-2014,0,0.000
23-may-2014,0,1.000
24-may-2014,1,14.000
25-may-2014,1,10.200
26-may-2014,0,1.200
27-may-2014,0,0.000
28-may-2014,0,0.000
29-may-2014,0,1.000
30-may-2014,0,0.000
31-may-2014,0,0.000
01-jun-2014,0,0.000
02-jun-2014,0,0.300
03-jun-2014,0,10.000
04-jun-2014,0,0.000
05-jun-2014,0,0.000
06-jun-2014,1,2.600
07-jun-2014,1,0.900
08-jun-2014,1,1.300
09-jun-2014,0,1.500
10-jun-2014,0,0.500
11-jun-2014,0,0.000
12-jun-2014,0,0.000
13-jun-2014,0,0.000
14-jun-2014,0,0.000
15-jun-2014,0,0.000
16-jun-2014,0,0.000
17-jun-2014,0,0.000
18-jun-2014,0,0.000
19-jun-2014,0,0.000
20-jun-2014,0,0.000
21-jun-2014,0,0.000
22-jun-2014,0,0.000
23-jun-2014,0,0.000
24-jun-2014,0,0.000
25-jun-2014,0,2.200
26-jun-2014,0,14.500
27-jun-2014,0,0.000
28-jun-2014,0,5.000
29-jun-2014,0,0.000
30-jun-2014,0,0.000
01-jul-2014,0,0.000
02-jul-2014,0,0.400
03-jul-2014,0,1.200
04-jul-2014,1,4.600
05-jul-2014,1,1.400
06-jul-2014,1,2.700
07-jul-2014,0,4.400
08-jul-2014,0,0.900
09-jul-2014,0,0.000
10-jul-2014,0,1.000
11-jul-2014,0,0.200
12-jul-2014,0,1.100
13-jul-2014,0,0.000
14-jul-2014,0,3.600
15-jul-2014,0,0.600
16-jul-2014,0,0.000
17-jul-2014,0,3.600
18-jul-2014,0,0.000
19-jul-2014,0,0.600
20-jul-2014,0,0.000
21-jul-2014,0,0.000
22-jul-2014,0,0.000
23-jul-2014,0,0.000
24-jul-2014,0,0.000
25-jul-2014,0,0.000
26-jul-2014,0,0.000
27-jul-2014,0,1.900
28-jul-2014,0,0.100
29-jul-2014,0,0.200
30-jul-2014,0,0.000
31-jul-2014,0,5.300
01-aug-2014,0,24.300
02-aug-2014,0,34.000
03-aug-2014,0,1.800
04-aug-2014,0,1.100
05-aug-2014,0,0.800
06-aug-2014,0,0.000
07-aug-2014,0,0.000
08-aug-2014,0,3.600
09-aug-2014,1,20.600
10-aug-2014,1,7.400
11-aug-2014,0,0.800
12-aug-2014,0,0.200
13-aug-2014,0,0.000
14-aug-2014,0,0.100
15-aug-2014,0,0.000
16-aug-2014,0,0.000
17-aug-2014,0,1.000
18-aug-2014,0,0.500
19-aug-2014,0,0.000
20-aug-2014,0,0.000
21-aug-2014,0,2.700
22-aug-2014,0,0.000
23-aug-2014,0,0.000
24-aug-2014,0,3.200
25-aug-2014,0,14.100
26-aug-2014,0,0.500
27-aug-2014,0,0.700
28-aug-2014,0,2.700
29-aug-2014,1,2.300
30-aug-2014,1,0.300
31-aug-2014,1,0.400
01-sep-2014,0,0.000
02-sep-2014,0,0.000
03-sep-2014,0,0.000
04-sep-2014,0,0.000
05-sep-2014,0,1.700
06-sep-2014,0,0.000
07-sep-2014,0,0.000
08-sep-2014,0,0.000
09-sep-2014,0,0.000
10-sep-2014,0,0.000
11-sep-2014,0,0.000
12-sep-2014,0,0.000
13-sep-2014,0,0.000
14-sep-2014,0,0.000
15-sep-2014,0,0.000
16-sep-2014,0,0.800
17-sep-2014,0,0.000
18-sep-2014,0,0.000
19-sep-2014,0,28.600
20-sep-2014,0,0.000
21-sep-2014,0,0.000
22-sep-2014,0,0.600
23-sep-2014,0,2.900
24-sep-2014,0,0.000
25-sep-2014,0,0.600
26-sep-2014,0,0.000
27-sep-2014,0,0.000
28-sep-2014,0,0.000
29-sep-2014,0,0.200
30-sep-2014,0,0.700
01-oct-2014,0,0.000
02-oct-2014,1,2.100
03-oct-2014,1,28.800
04-oct-2014,0,0.000
05-oct-2014,0,11.300
06-oct-2014,0,1.500
07-oct-2014,0,0.000
08-oct-2014,0,4.600
09-oct-2014,0,0.000
10-oct-2014,0,0.000
11-oct-2014,0,0.000
12-oct-2014,0,0.000
13-oct-2014,0,0.000
14-oct-2014,0,0.000
15-oct-2014,0,3.700
16-oct-2014,0,1.600
17-oct-2014,0,0.400
18-oct-2014,1,0.200
19-oct-2014,1,2.800
20-oct-2014,0,2.600
21-oct-2014,0,0.600
22-oct-2014,0,1.000
23-oct-2014,0,0.800
24-oct-2014,0,0.000
25-oct-2014,0,0.000
26-oct-2014,0,0.000
27-oct-2014,0,1.600
28-oct-2014,0,18.300
29-oct-2014,0,1.100
30-oct-2014,0,0.000
31-oct-2014,0,5.300
01-nov-2014,1,3.600
02-nov-2014,1,0.100
03-nov-2014,0,2.800
04-nov-2014,0,0.200
05-nov-2014,0,2.000
06-nov-2014,0,22.200
07-nov-2014,1,5.600
08-nov-2014,1,6.900
09-nov-2014,0,0.000
10-nov-2014,0,10.600
11-nov-2014,0,19.600
12-nov-2014,0,1.900
13-nov-2014,0,53.200
14-nov-2014,1,5.400
15-nov-2014,1,0.400
16-nov-2014,1,0.900
17-nov-2014,0,0.200
18-nov-2014,0,0.000
19-nov-2014,0,8.600
20-nov-2014,0,0.100
21-nov-2014,1,21.100
22-nov-2014,1,0.400
23-nov-2014,1,0.000
24-nov-2014,0,0.500
25-nov-2014,0,0.200
26-nov-2014,0,0.000
27-nov-2014,0,0.100
28-nov-2014,0,0.000
29-nov-2014,0,0.000
30-nov-2014,0,0.000
01-dec-2014,0,0.800
02-dec-2014,0,0.000
03-dec-2014,0,0.000
04-dec-2014,0,0.000
05-dec-2014,1,0.100
06-dec-2014,1,1.000
07-dec-2014,1,0.200
08-dec-2014,0,2.000
09-dec-2014,0,5.400
10-dec-2014,1,3.100
11-dec-2014,1,6.600
12-dec-2014,0,0.000
13-dec-2014,0,0.000
14-dec-2014,0,1.000
15-dec-2014,0,0.000
16-dec-2014,0,12.500
17-dec-2014,0,3.000
18-dec-2014,0,3.400
19-dec-2014,0,0.000
20-dec-2014,0,0.000
21-dec-2014,0,0.300
22-dec-2014,0,2.400
23-dec-2014,0,5.600
24-dec-2014,0,0.000
25-dec-2014,0,0.000
26-dec-2014,0,11.800
27-dec-2014,0,0.000
28-dec-2014,0,0.000
29-dec-2014,0,0.000
30-dec-2014,0,0.000
31-dec-2014,0,2.000
01-jan-2015,0,5.100
02-jan-2015,1,7.100
03-jan-2015,1,0.800
04-jan-2015,1,0.000
05-jan-2015,0,0.900
06-jan-2015,0,0.700
07-jan-2015,0,4.500
08-jan-2015,0,2.300
09-jan-2015,0,5.200
10-jan-2015,0,0.000
11-jan-2015,0,4.600
12-jan-2015,0,1.100
13-jan-2015,1,1.300
14-jan-2015,1,3.200
15-jan-2015,0,3.500
16-jan-2015,0,0.000
17-jan-2015,0,0.400
18-jan-2015,0,0.600
19-jan-2015,0,1.800
20-jan-2015,0,0.000
21-jan-2015,0,0.100
22-jan-2015,0,0.200
23-jan-2015,1,0.700
24-jan-2015,1,0.100
25-jan-2015,1,1.300
26-jan-2015,0,0.000
27-jan-2015,0,4.000
28-jan-2015,0,0.900
29-jan-2015,0,4.300
30-jan-2015,0,0.000
31-jan-2015,0,0.000
01-feb-2015,0,0.000
02-feb-2015,0,0.000
03-feb-2015,0,0.000
04-feb-2015,0,0.000
05-feb-2015,0,0.000
06-feb-2015,0,0.000
07-feb-2015,0,0.000
08-feb-2015,0,0.000
09-feb-2015,0,0.000
10-feb-2015,0,0.000
11-feb-2015,0,0.000
12-feb-2015,0,0.700
13-feb-2015,1,3.000
14-feb-2015,1,0.100
15-feb-2015,1,10.900
16-feb-2015,0,0.000
17-feb-2015,0,0.000
18-feb-2015,0,0.500
19-feb-2015,0,2.500
20-feb-2015,1,0.300
21-feb-2015,1,2.600
22-feb-2015,1,8.300
23-feb-2015,0,2.800
24-feb-2015,0,2.500
25-feb-2015,0,0.000
26-feb-2015,0,0.000
27-feb-2015,0,0.000
28-feb-2015,0,0.000
01-mar-2015,0,11.500
02-mar-2015,0,2.600
03-mar-2015,0,0.100
04-mar-2015,0,0.000
05-mar-2015,0,0.000
06-mar-2015,0,0.000
07-mar-2015,1,2.300
08-mar-2015,1,2.800
09-mar-2015,0,2.600
10-mar-2015,0,0.000
11-mar-2015,0,1.400
12-mar-2015,0,8.900
13-mar-2015,0,0.000
14-mar-2015,0,0.000
15-mar-2015,0,0.000
16-mar-2015,0,0.000
17-mar-2015,0,0.000
18-mar-2015,0,0.000
19-mar-2015,0,0.000
20-mar-2015,0,0.000
21-mar-2015,0,0.000
22-mar-2015,0,0.000
23-mar-2015,0,0.200
24-mar-2015,0,0.000
25-mar-2015,0,15.900
26-mar-2015,0,0.300
27-mar-2015,1,2.100
28-mar-2015,1,8.200
29-mar-2015,0,1.700
30-mar-2015,0,10.000
31-mar-2015,0,1.600
01-apr-2015,0,9.100
02-apr-2015,0,7.400
03-apr-2015,0,0.000
04-apr-2015,0,0.000
05-apr-2015,0,0.000
06-apr-2015,0,0.000
07-apr-2015,0,0.000
08-apr-2015,0,0.000
09-apr-2015,0,0.000
10-apr-2015,1,4.200
11-apr-2015,1,12.000
12-apr-2015,1,2.600
13-apr-2015,0,0.000
14-apr-2015,0,0.000
15-apr-2015,0,0.000
16-apr-2015,0,0.000
17-apr-2015,0,0.000
18-apr-2015,0,0.000
19-apr-2015,0,0.000
20-apr-2015,0,0.000
21-apr-2015,0,0.000
22-apr-2015,0,0.000
23-apr-2015,0,0.000
24-apr-2015,1,5.500
25-apr-2015,1,3.700
26-apr-2015,1,0.500
27-apr-2015,0,2.600
28-apr-2015,0,3.900
29-apr-2015,0,2.000
30-apr-2015,0,0.000
01-may-2015,0,15.900
02-may-2015,1,19.400
03-may-2015,1,5.300
04-may-2015,1,7.400
05-may-2015,0,6.000
06-may-2015,0,1.500
07-may-2015,0,0.000
08-may-2015,0,13.800
09-may-2015,1,1.200
10-may-2015,1,1.800
11-may-2015,0,0.900
12-may-2015,0,0.100
13-may-2015,0,0.000
14-may-2015,0,0.000
15-may-2015,0,0.000
16-may-2015,0,0.000
17-may-2015,0,3.800
18-may-2015,0,2.700
19-may-2015,0,1.900
20-may-2015,0,0.000
21-may-2015,0,0.100
22-may-2015,0,0.000
23-may-2015,1,0.400
24-may-2015,1,0.200
25-may-2015,0,0.000
26-may-2015,0,0.000
27-may-2015,0,3.400
28-may-2015,0,4.100
29-may-2015,1,2.300
30-may-2015,1,8.600
31-may-2015,1,0.500
01-jun-2015,0,4.000
02-jun-2015,0,1.300
03-jun-2015,0,0.000
04-jun-2015,0,2.900
05-jun-2015,0,0.200
06-jun-2015,0,0.100
07-jun-2015,0,0.000
08-jun-2015,0,0.000
09-jun-2015,0,0.000
10-jun-2015,0,0.000
11-jun-2015,0,0.000
12-jun-2015,0,0.000
13-jun-2015,0,0.000
14-jun-2015,0,0.000
15-jun-2015,0,0.000
16-jun-2015,0,0.000
17-jun-2015,0,1.100
18-jun-2015,0,0.000
19-jun-2015,1,0.400
20-jun-2015,1,0.800
21-jun-2015,0,0.000
22-jun-2015,0,0.000
23-jun-2015,0,0.000
24-jun-2015,0,0.000
25-jun-2015,0,1.200
26-jun-2015,1,0.100
27-jun-2015,1,4.300
28-jun-2015,4,0.000
29-jun-2015,0,0.000
30-jun-2015,0,0.000
01-jul-2015,0,0.000
02-jul-2015,0,0.000
03-jul-2015,0,2.000
04-jul-2015,0,0.300
05-jul-2015,0,5.800
06-jul-2015,0,4.100
07-jul-2015,0,5.200
08-jul-2015,0,0.000
09-jul-2015,0,0.000
10-jul-2015,0,0.000
11-jul-2015,1,0.800
12-jul-2015,1,4.600
13-jul-2015,0,2.600
14-jul-2015,0,0.200
15-jul-2015,0,0.000
16-jul-2015,0,12.800
17-jul-2015,1,0.300
18-jul-2015,1,5.400
19-jul-2015,1,0.300
20-jul-2015,0,1.200
21-jul-2015,0,0.000
22-jul-2015,0,0.000
23-jul-2015,0,0.000
24-jul-2015,1,4.700
25-jul-2015,1,3.000
26-jul-2015,1,4.700
27-jul-2015,0,5.200
28-jul-2015,0,1.500
29-jul-2015,0,1.200
30-jul-2015,0,0.000
31-jul-2015,0,0.000
01-aug-2015,1,2.700
02-aug-2015,1,1.900
03-aug-2015,1,3.200
04-aug-2015,0,4.700
05-aug-2015,0,2.800
06-aug-2015,0,0.000
07-aug-2015,4,0.000
08-aug-2015,1,0.600
09-aug-2015,1,0.400
10-aug-2015,0,3.700
11-aug-2015,0,0.000
12-aug-2015,0,0.000
13-aug-2015,0,0.000
14-aug-2015,0,0.000
15-aug-2015,0,0.500
16-aug-2015,0,0.000
17-aug-2015,0,0.000
18-aug-2015,0,1.200
19-aug-2015,0,9.800
20-aug-2015,0,0.000
21-aug-2015,1,0.500
22-aug-2015,1,19.200
23-aug-2015,1,8.900
24-aug-2015,0,0.000
25-aug-2015,0,19.700
26-aug-2015,0,2.300
27-aug-2015,0,4.800
28-aug-2015,1,2.300
29-aug-2015,1,2.300
30-aug-2015,1,0.000
31-aug-2015,0,1.000
01-sep-2015,0,1.600
02-sep-2015,0,0.200
03-sep-2015,0,0.000
04-sep-2015,0,0.000
05-sep-2015,0,0.000
06-sep-2015,0,0.000
07-sep-2015,0,0.000
08-sep-2015,0,0.000
09-sep-2015,0,0.000
10-sep-2015,0,0.000
11-sep-2015,1,27.100
12-sep-2015,1,0.300
13-sep-2015,1,1.500
14-sep-2015,0,1.400
15-sep-2015,0,0.000
16-sep-2015,0,0.000
17-sep-2015,0,0.400
18-sep-2015,0,0.000
19-sep-2015,0,0.000
20-sep-2015,0,6.000
21-sep-2015,0,21.800
22-sep-2015,0,0.000
23-sep-2015,0,1.200
24-sep-2015,0,0.000
25-sep-2015,0,0.000
26-sep-2015,0,0.000
27-sep-2015,0,0.000
28-sep-2015,0,0.000
29-sep-2015,0,0.100
30-sep-2015,0,0.100
01-oct-2015,0,0.000
02-oct-2015,0,0.000
03-oct-2015,0,0.000
04-oct-2015,0,4.600
05-oct-2015,0,4.900
06-oct-2015,0,5.400
07-oct-2015,0,0.000
08-oct-2015,0,0.000
09-oct-2015,0,0.000
10-oct-2015,0,0.000
11-oct-2015,0,0.000
12-oct-2015,0,0.000
13-oct-2015,0,0.000
14-oct-2015,0,0.000
15-oct-2015,0,0.000
16-oct-2015,0,0.000
17-oct-2015,0,0.000
18-oct-2015,0,0.100
19-oct-2015,0,0.000
20-oct-2015,0,6.800
21-oct-2015,0,0.600
22-oct-2015,0,0.000
23-oct-2015,0,0.000
24-oct-2015,0,0.000
25-oct-2015,4,0.000
26-oct-2015,0,7.700
27-oct-2015,0,7.600
28-oct-2015,0,8.900
29-oct-2015,0,0.400
30-oct-2015,0,2.600
31-oct-2015,0,0.000
01-nov-2015,0,0.000
02-nov-2015,0,0.000
03-nov-2015,0,0.000
04-nov-2015,0,0.200
05-nov-2015,0,6.300
06-nov-2015,1,6.200
07-nov-2015,1,2.700
08-nov-2015,1,10.600
09-nov-2015,0,4.500
10-nov-2015,0,6.400
11-nov-2015,0,5.300
12-nov-2015,0,6.500
13-nov-2015,1,4.600
14-nov-2015,1,25.000
15-nov-2015,1,0.500
16-nov-2015,0,0.500
17-nov-2015,0,10.500
18-nov-2015,0,5.500
19-nov-2015,0,0.000
20-nov-2015,0,0.600
21-nov-2015,0,0.000
22-nov-2015,0,0.000
23-nov-2015,0,3.600
24-nov-2015,0,1.800
25-nov-2015,0,0.000
26-nov-2015,0,0.000
27-nov-2015,0,4.400
28-nov-2015,0,7.700
29-nov-2015,0,6.800
30-nov-2015,0,6.000
01-dec-2015,0,1.100
02-dec-2015,0,1.800
03-dec-2015,0,23.500
04-dec-2015,0,13.600
05-dec-2015,0,12.100
06-dec-2015,0,0.300
07-dec-2015,0,2.100
08-dec-2015,1,0.100
09-dec-2015,1,10.300
10-dec-2015,0,2.800
11-dec-2015,1,22.100
12-dec-2015,1,15.000
13-dec-2015,0,3.000
14-dec-2015,0,10.600
15-dec-2015,0,4.400
16-dec-2015,0,5.300
17-dec-2015,0,0.200
18-dec-2015,0,2.200
19-dec-2015,1,1.000
20-dec-2015,1,2.700
21-dec-2015,0,9.300
22-dec-2015,0,1.400
23-dec-2015,0,9.700
24-dec-2015,1,1.700
25-dec-2015,1,17.700
26-dec-2015,0,3.800
27-dec-2015,0,0.000
28-dec-2015,0,6.100
29-dec-2015,0,12.700
30-dec-2015,0,5.000
31-dec-2015,0,1.300
01-jan-2016,1,2.700
02-jan-2016,1,4.300
03-jan-2016,1,0.600
04-jan-2016,0,22.100
05-jan-2016,0,5.500
06-jan-2016,0,8.000
07-jan-2016,0,0.700
08-jan-2016,0,1.600
09-jan-2016,0,9.200
10-jan-2016,0,0.000
11-jan-2016,0,0.200
12-jan-2016,0,0.100
13-jan-2016,0,1.300
14-jan-2016,0,0.600
15-jan-2016,0,0.000
16-jan-2016,0,0.000
17-jan-2016,0,2.400
18-jan-2016,0,0.000
19-jan-2016,0,0.000
20-jan-2016,0,0.600
21-jan-2016,0,1.800
22-jan-2016,0,0.000
23-jan-2016,0,0.000
24-jan-2016,0,1.100
25-jan-2016,0,3.200
26-jan-2016,0,16.900
27-jan-2016,0,0.500
28-jan-2016,0,10.000
29-jan-2016,0,0.200
30-jan-2016,1,2.200
31-jan-2016,1,2.000
01-feb-2016,0,1.600
02-feb-2016,0,0.700
03-feb-2016,0,0.500
04-feb-2016,0,0.500
05-feb-2016,0,3.600
06-feb-2016,1,1.100
07-feb-2016,1,7.500
08-feb-2016,0,0.700
09-feb-2016,0,2.300
10-feb-2016,0,0.200
11-feb-2016,0,0.100
12-feb-2016,0,0.000
13-feb-2016,0,0.000
14-feb-2016,0,6.400
15-feb-2016,0,0.000
16-feb-2016,0,19.000
17-feb-2016,0,0.000
18-feb-2016,0,0.000
19-feb-2016,0,0.300
20-feb-2016,1,7.800
21-feb-2016,1,3.800
22-feb-2016,0,0.000
23-feb-2016,0,0.000
24-feb-2016,0,0.000
25-feb-2016,0,0.000
26-feb-2016,0,0.000
27-feb-2016,0,0.000
28-feb-2016,0,3.000
29-feb-2016,0,13.800
01-mar-2016,0,4.400
02-mar-2016,0,1.100
03-mar-2016,0,5.200
04-mar-2016,1,1.300
05-mar-2016,1,0.500
06-mar-2016,1,0.500
07-mar-2016,0,1.900
08-mar-2016,0,3.500
09-mar-2016,0,0.000
10-mar-2016,0,0.000
11-mar-2016,0,0.000
12-mar-2016,0,0.000
13-mar-2016,0,0.000
14-mar-2016,0,0.000
15-mar-2016,0,0.000
16-mar-2016,0,0.000
17-mar-2016,0,0.000
18-mar-2016,0,0.000
19-mar-2016,0,0.000
20-mar-2016,0,0.000
21-mar-2016,0,0.000
22-mar-2016,0,0.000
23-mar-2016,0,3.300
24-mar-2016,0,0.200
25-mar-2016,0,4.700
26-mar-2016,0,3.100
27-mar-2016,0,1.800
28-mar-2016,0,0.000
29-mar-2016,0,0.300
30-mar-2016,0,0.800
31-mar-2016,0,1.700
01-apr-2016,0,1.700
02-apr-2016,0,21.400
03-apr-2016,0,1.500
04-apr-2016,0,0.800
05-apr-2016,0,1.100
06-apr-2016,0,1.600
07-apr-2016,0,1.400
08-apr-2016,1,1.600
09-apr-2016,1,1.000
10-apr-2016,1,6.400
11-apr-2016,0,35.600
12-apr-2016,0,0.200
13-apr-2016,0,0.000
14-apr-2016,0,0.000
15-apr-2016,0,0.000
16-apr-2016,0,0.000
17-apr-2016,0,0.000
18-apr-2016,0,0.000
19-apr-2016,0,0.000
20-apr-2016,0,0.000
21-apr-2016,0,0.000
22-apr-2016,0,0.000
23-apr-2016,0,0.000
24-apr-2016,0,0.100
25-apr-2016,0,0.000
26-apr-2016,0,1.100
27-apr-2016,0,1.900
28-apr-2016,0,3.500
29-apr-2016,0,0.000
30-apr-2016,0,0.000
01-may-2016,1,5.900
02-may-2016,1,0.100
03-may-2016,0,0.000
04-may-2016,0,0.300
05-may-2016,0,0.000
06-may-2016,0,0.000
07-may-2016,0,7.000
08-may-2016,0,0.000
09-may-2016,0,0.500
10-may-2016,0,10.700
11-may-2016,0,0.500
12-may-2016,0,0.000
13-may-2016,0,0.000
14-may-2016,0,0.000
15-may-2016,0,0.000
16-may-2016,0,0.000
17-may-2016,0,3.600
18-may-2016,0,0.700
19-may-2016,0,4.000
20-may-2016,1,1.800
21-may-2016,1,7.500
22-may-2016,1,2.800
23-may-2016,0,0.000
24-may-2016,0,0.000
25-may-2016,0,0.200
26-may-2016,0,0.000
27-may-2016,0,0.000
28-may-2016,0,0.000
29-may-2016,0,0.000
30-may-2016,0,0.000
31-may-2016,0,0.000
01-jun-2016,0,0.000
02-jun-2016,0,0.000
03-jun-2016,0,0.000
04-jun-2016,0,0.000
05-jun-2016,0,0.000
06-jun-2016,0,1.700
07-jun-2016,0,0.800
08-jun-2016,0,0.000
09-jun-2016,0,0.000
10-jun-2016,0,1.200
11-jun-2016,1,7.600
12-jun-2016,1,7.800
13-jun-2016,0,1.300
14-jun-2016,0,0.100
15-jun-2016,0,1.400
16-jun-2016,0,0.000
17-jun-2016,1,0.000
18-jun-2016,1,2.400
19-jun-2016,1,9.400
20-jun-2016,0,0.000
21-jun-2016,0,0.000
22-jun-2016,0,0.000
23-jun-2016,0,1.300
24-jun-2016,0,14.700
25-jun-2016,1,1.300
26-jun-2016,1,2.400
27-jun-2016,0,1.200
28-jun-2016,0,14.000
29-jun-2016,0,2.000
30-jun-2016,0,3.400
01-jul-2016,0,5.100
02-jul-2016,1,1.200
03-jul-2016,1,0.200
04-jul-2016,1,3.100
05-jul-2016,0,0.000
06-jul-2016,0,2.400
07-jul-2016,0,0.000
08-jul-2016,0,1.000
09-jul-2016,0,5.400
10-jul-2016,0,3.100
11-jul-2016,0,3.000
12-jul-2016,0,0.000
13-jul-2016,0,3.200
14-jul-2016,0,1.700
15-jul-2016,0,1.000
16-jul-2016,0,0.000
17-jul-2016,0,0.000
18-jul-2016,0,0.000
19-jul-2016,0,1.300
20-jul-2016,0,0.000
21-jul-2016,0,2.800
22-jul-2016,0,0.000
23-jul-2016,1,0.600
24-jul-2016,1,0.300
25-jul-2016,0,1.900
26-jul-2016,0,4.300
27-jul-2016,0,2.600
28-jul-2016,0,3.400
29-jul-2016,0,0.000
30-jul-2016,0,0.000
31-jul-2016,0,0.000
01-aug-2016,0,2.600
02-aug-2016,0,1.000
03-aug-2016,0,1.700
04-aug-2016,0,1.100
05-aug-2016,0,0.000
06-aug-2016,0,0.000
07-aug-2016,0,0.000
08-aug-2016,0,0.000
09-aug-2016,0,1.000
10-aug-2016,0,1.400
11-aug-2016,0,0.000
12-aug-2016,0,2.300
13-aug-2016,0,0.000
14-aug-2016,0,0.000
15-aug-2016,0,0.000
16-aug-2016,0,0.200
17-aug-2016,0,11.700
18-aug-2016,0,4.400
19-aug-2016,0,8.800
20-aug-2016,1,29.000
21-aug-2016,1,2.800
22-aug-2016,0,6.100
23-aug-2016,0,1.100
24-aug-2016,0,0.000
25-aug-2016,0,0.000
26-aug-2016,0,0.000
27-aug-2016,0,0.000
28-aug-2016,0,0.000
29-aug-2016,0,0.000
30-aug-2016,0,0.700
31-aug-2016,0,0.000
01-sep-2016,0,1.400
02-sep-2016,1,2.500
03-sep-2016,1,15.700
04-sep-2016,1,7.100
05-sep-2016,0,0.000
06-sep-2016,0,0.000
07-sep-2016,0,3.000
08-sep-2016,0,3.200
09-sep-2016,0,2.300
10-sep-2016,1,1.500
11-sep-2016,1,2.500
12-sep-2016,0,5.200
13-sep-2016,0,0.000
14-sep-2016,0,0.000
15-sep-2016,0,0.000
16-sep-2016,0,0.000
17-sep-2016,0,0.000
18-sep-2016,0,5.800
19-sep-2016,0,0.000
20-sep-2016,0,0.000
21-sep-2016,0,4.600
22-sep-2016,0,1.100
23-sep-2016,1,0.700
24-sep-2016,1,5.700
25-sep-2016,0,4.500
26-sep-2016,0,0.900
27-sep-2016,0,0.100
28-sep-2016,0,0.800
29-sep-2016,0,0.000
30-sep-2016,0,2.700
01-oct-2016,0,0.000
02-oct-2016,0,0.000
03-oct-2016,0,0.000
04-oct-2016,0,0.000
05-oct-2016,0,0.000
06-oct-2016,0,0.000
07-oct-2016,0,0.000
08-oct-2016,0,0.000
09-oct-2016,0,0.000
10-oct-2016,0,0.000
11-oct-2016,0,4.200
12-oct-2016,0,4.000
13-oct-2016,0,4.300
14-oct-2016,1,10.900
15-oct-2016,1,12.500
16-oct-2016,1,0.200
17-oct-2016,0,1.300
18-oct-2016,0,0.000
19-oct-2016,0,0.000
20-oct-2016,0,0.000
21-oct-2016,0,0.000
22-oct-2016,1,2.400
23-oct-2016,1,4.600
24-oct-2016,0,0.000
25-oct-2016,0,0.100
26-oct-2016,0,0.300
27-oct-2016,0,1.600
28-oct-2016,0,1.000
29-oct-2016,0,0.000
30-oct-2016,0,0.000
31-oct-2016,0,0.000
01-nov-2016,0,0.000
02-nov-2016,0,0.000
03-nov-2016,0,0.700
04-nov-2016,0,0.000
05-nov-2016,0,0.500
06-nov-2016,0,0.000
07-nov-2016,0,0.000
08-nov-2016,0,19.900
09-nov-2016,0,0.400
10-nov-2016,0,0.000
11-nov-2016,1,6.700
12-nov-2016,1,0.000
13-nov-2016,1,0.600
14-nov-2016,0,0.600
15-nov-2016,0,0.600
16-nov-2016,0,7.500
17-nov-2016,0,6.500
18-nov-2016,1,2.100
19-nov-2016,1,0.000
20-nov-2016,1,1.100
21-nov-2016,0,0.000
22-nov-2016,0,0.000
23-nov-2016,0,0.100
24-nov-2016,0,0.000
25-nov-2016,0,0.000
26-nov-2016,0,0.000
27-nov-2016,0,0.000
28-nov-2016,0,0.000
29-nov-2016,0,0.000
30-nov-2016,0,0.000
01-dec-2016,0,0.000
02-dec-2016,0,0.100
03-dec-2016,0,0.100
04-dec-2016,0,0.000
05-dec-2016,0,0.000
06-dec-2016,0,0.700
07-dec-2016,0,2.000
08-dec-2016,0,0.200
09-dec-2016,1,0.100
10-dec-2016,1,0.000
11-dec-2016,1,1.400
12-dec-2016,0,3.600
13-dec-2016,0,2.800
14-dec-2016,0,7.300
15-dec-2016,0,8.700
16-dec-2016,0,0.000
17-dec-2016,0,0.000
18-dec-2016,0,0.000
19-dec-2016,0,0.000
20-dec-2016,0,4.600
21-dec-2016,0,0.500
22-dec-2016,0,0.700
23-dec-2016,0,10.100
24-dec-2016,1,2.000
25-dec-2016,1,2.400
26-dec-2016,0,0.000
27-dec-2016,0,0.000
28-dec-2016,0,0.000
29-dec-2016,0,0.000
30-dec-2016,0,0.000
31-dec-2016,0,6.000
01-jan-2017,0,0.000
02-jan-2017,0,0.100
03-jan-2017,0,0.000
04-jan-2017,0,0.000
05-jan-2017,0,2.000
06-jan-2017,0,4.600
07-jan-2017,1,0.500
08-jan-2017,1,3.000
09-jan-2017,0,0.000
10-jan-2017,0,0.000
11-jan-2017,0,1.400
12-jan-2017,1,0.700
13-jan-2017,1,0.000
14-jan-2017,1,0.100
15-jan-2017,0,0.300
16-jan-2017,0,0.200
17-jan-2017,0,0.000
18-jan-2017,0,0.000
19-jan-2017,0,0.000
20-jan-2017,0,0.000
21-jan-2017,0,0.000
22-jan-2017,0,0.000
23-jan-2017,0,0.000
24-jan-2017,0,0.000
25-jan-2017,0,0.000
26-jan-2017,0,0.000
27-jan-2017,1,0.900
28-jan-2017,1,0.000
29-jan-2017,1,2.300
30-jan-2017,0,13.400
31-jan-2017,0,0.000
01-feb-2017,0,1.000
02-feb-2017,0,2.000
03-feb-2017,0,1.200
04-feb-2017,0,0.000
05-feb-2017,0,0.400
06-feb-2017,0,7.700
07-feb-2017,0,0.000
08-feb-2017,0,0.000
09-feb-2017,0,0.000
10-feb-2017,0,0.000
11-feb-2017,1,5.400
12-feb-2017,1,5.800
13-feb-2017,0,0.000
14-feb-2017,0,0.700
15-feb-2017,0,0.500
16-feb-2017,0,0.600
17-feb-2017,0,0.000
18-feb-2017,1,0.700
19-feb-2017,1,0.000
20-feb-2017,1,0.500
21-feb-2017,0,4.100
22-feb-2017,0,8.400
23-feb-2017,0,1.700
24-feb-2017,0,1.500
25-feb-2017,1,0.700
26-feb-2017,1,6.900
27-feb-2017,0,2.000
28-feb-2017,0,1.000
01-mar-2017,0,5.800
02-mar-2017,0,5.300
03-mar-2017,0,5.900
04-mar-2017,1,7.800
05-mar-2017,1,0.300
06-mar-2017,0,1.100
07-mar-2017,0,4.100
08-mar-2017,0,0.000
09-mar-2017,0,0.000
10-mar-2017,0,0.800
11-mar-2017,1,0.900
12-mar-2017,1,0.100
13-mar-2017,0,0.200
14-mar-2017,0,0.000
15-mar-2017,0,0.000
16-mar-2017,1,0.600
17-mar-2017,1,2.000
18-mar-2017,1,1.300
19-mar-2017,1,2.500
20-mar-2017,0,1.000
21-mar-2017,0,18.400
22-mar-2017,0,14.800
23-mar-2017,0,0.100
24-mar-2017,0,0.000
25-mar-2017,0,0.000
26-mar-2017,0,0.000
27-mar-2017,0,0.000
28-mar-2017,0,3.300
29-mar-2017,0,0.000
30-mar-2017,0,4.500
31-mar-2017,0,0.000
01-apr-2017,0,2.000
02-apr-2017,0,0.000
03-apr-2017,0,1.500
04-apr-2017,0,0.000
05-apr-2017,0,0.000
06-apr-2017,0,0.000
07-apr-2017,0,0.000
08-apr-2017,0,0.000
09-apr-2017,0,0.100
10-apr-2017,0,0.000
11-apr-2017,0,0.000
12-apr-2017,0,0.100
13-apr-2017,0,0.200
14-apr-2017,0,1.300
15-apr-2017,0,0.000
16-apr-2017,0,0.100
17-apr-2017,0,0.000
18-apr-2017,0,0.300
19-apr-2017,0,2.100
20-apr-2017,0,0.000
21-apr-2017,0,0.000
22-apr-2017,0,0.000
23-apr-2017,0,0.100
24-apr-2017,0,0.000
25-apr-2017,0,0.700
26-apr-2017,0,0.000
27-apr-2017,0,0.000
28-apr-2017,0,0.000
29-apr-2017,0,1.300
30-apr-2017,0,0.000
01-may-2017,0,0.000
02-may-2017,0,0.000
03-may-2017,0,0.000
04-may-2017,0,0.000
05-may-2017,0,0.000
06-may-2017,0,0.000
07-may-2017,0,0.000
08-may-2017,0,0.000
09-may-2017,0,0.000
10-may-2017,0,0.000
11-may-2017,0,1.000
12-may-2017,1,5.300
13-may-2017,1,2.100
14-may-2017,0,10.800
15-may-2017,0,1.100
16-may-2017,0,0.000
17-may-2017,0,1.600
18-may-2017,0,1.300
19-may-2017,0,2.000
20-may-2017,1,1.500
21-may-2017,1,0.600
22-may-2017,0,0.000
23-may-2017,0,0.000
24-may-2017,0,0.000
25-may-2017,0,0.000
26-may-2017,1,1.400
27-may-2017,1,29.000
28-may-2017,0,3.400
29-may-2017,0,0.200
30-may-2017,0,0.200
31-may-2017,0,0.000
01-jun-2017,0,3.000
02-jun-2017,0,0.000
03-jun-2017,1,0.400
04-jun-2017,1,8.300
05-jun-2017,0,14.200
06-jun-2017,0,0.100
07-jun-2017,0,11.200
08-jun-2017,0,8.700
09-jun-2017,1,14.100
10-jun-2017,1,0.100
11-jun-2017,1,1.900
12-jun-2017,0,0.100
13-jun-2017,0,0.000
14-jun-2017,0,0.000
15-jun-2017,0,0.000
16-jun-2017,0,0.000
17-jun-2017,0,0.000
18-jun-2017,0,0.000
19-jun-2017,0,0.000
20-jun-2017,0,1.500
21-jun-2017,0,0.200
22-jun-2017,0,0.200
23-jun-2017,1,0.200
24-jun-2017,1,1.300
25-jun-2017,0,0.000
26-jun-2017,0,25.600
27-jun-2017,0,0.000
28-jun-2017,0,8.600
29-jun-2017,0,5.500
30-jun-2017,0,0.000
01-jul-2017,0,0.000
02-jul-2017,0,0.500
03-jul-2017,0,2.000
04-jul-2017,0,0.000
05-jul-2017,0,0.000
06-jul-2017,0,0.000
07-jul-2017,0,0.000
08-jul-2017,0,0.000
09-jul-2017,0,0.400
10-jul-2017,0,5.600
11-jul-2017,0,0.100
12-jul-2017,0,0.000
13-jul-2017,0,0.000
14-jul-2017,1,0.700
15-jul-2017,1,0.500
16-jul-2017,0,0.000
17-jul-2017,0,0.000
18-jul-2017,0,0.000
19-jul-2017,0,5.400
20-jul-2017,0,21.400
21-jul-2017,0,0.000
22-jul-2017,0,0.400
23-jul-2017,0,0.000
24-jul-2017,0,0.000
25-jul-2017,0,6.500
26-jul-2017,0,2.500
27-jul-2017,0,1.300
28-jul-2017,0,0.000
29-jul-2017,0,0.000
30-jul-2017,0,4.400
31-jul-2017,0,6.200
01-aug-2017,0,0.600
02-aug-2017,0,2.200
03-aug-2017,0,2.600
04-aug-2017,1,0.700
05-aug-2017,1,2.800
06-aug-2017,1,1.400
07-aug-2017,0,0.000
08-aug-2017,0,3.600
09-aug-2017,0,0.000
10-aug-2017,0,0.500
11-aug-2017,0,0.000
12-aug-2017,0,0.000
13-aug-2017,0,9.200
14-aug-2017,0,19.900
15-aug-2017,0,0.800
16-aug-2017,0,1.800
17-aug-2017,0,0.200
18-aug-2017,1,0.400
19-aug-2017,1,0.100
20-aug-2017,1,2.500
21-aug-2017,0,2.200
22-aug-2017,0,1.300
23-aug-2017,0,0.100
24-aug-2017,0,0.000
25-aug-2017,0,0.000
26-aug-2017,0,0.000
27-aug-2017,0,0.000
28-aug-2017,0,3.400
29-aug-2017,0,0.000
30-aug-2017,0,0.700
31-aug-2017,0,0.200
01-sep-2017,0,0.000
02-sep-2017,1,15.000
03-sep-2017,1,0.800
04-sep-2017,0,5.900
05-sep-2017,0,0.500
06-sep-2017,0,0.000
07-sep-2017,0,1.800
08-sep-2017,1,6.500
09-sep-2017,1,0.700
10-sep-2017,1,4.100
11-sep-2017,0,2.100
12-sep-2017,0,8.100
13-sep-2017,0,0.200
14-sep-2017,0,1.100
15-sep-2017,1,0.800
16-sep-2017,1,4.400
17-sep-2017,0,0.000
18-sep-2017,0,0.000
19-sep-2017,0,0.000
20-sep-2017,0,14.800
21-sep-2017,0,2.100
22-sep-2017,4,0.000
23-sep-2017,0,0.400
24-sep-2017,0,0.000
25-sep-2017,0,0.000
26-sep-2017,0,0.700
27-sep-2017,0,14.300
28-sep-2017,0,0.900
29-sep-2017,0,0.000
30-sep-2017,0,2.800
01-oct-2017,0,0.000
02-oct-2017,0,0.000
03-oct-2017,0,0.000
04-oct-2017,0,7.200
05-oct-2017,0,0.000
06-oct-2017,0,0.500
07-oct-2017,0,0.000
08-oct-2017,0,0.100
09-oct-2017,0,2.500
10-oct-2017,0,3.000
11-oct-2017,0,2.100
12-oct-2017,0,0.000
13-oct-2017,1,9.700
14-oct-2017,1,0.000
15-oct-2017,1,5.800
16-oct-2017,1,0.100
17-oct-2017,0,0.000
18-oct-2017,0,0.000
19-oct-2017,0,8.200
20-oct-2017,0,5.500
21-oct-2017,0,8.500
22-oct-2017,0,0.800
23-oct-2017,0,5.800
24-oct-2017,0,5.200
25-oct-2017,0,0.100
26-oct-2017,0,0.000
27-oct-2017,0,0.000
28-oct-2017,0,0.000
29-oct-2017,0,0.000
30-oct-2017,0,1.200
31-oct-2017,0,0.000
01-nov-2017,0,0.000
02-nov-2017,0,0.000
03-nov-2017,0,0.000
04-nov-2017,0,0.000
05-nov-2017,0,0.000
06-nov-2017,0,3.600
07-nov-2017,0,0.000
08-nov-2017,0,1.800
09-nov-2017,0,1.300
10-nov-2017,0,13.200
11-nov-2017,4,0.000
12-nov-2017,0,0.000
13-nov-2017,0,3.500
14-nov-2017,0,1.000
15-nov-2017,0,0.600
16-nov-2017,0,0.000
17-nov-2017,1,0.900
18-nov-2017,1,0.000
19-nov-2017,1,2.600
20-nov-2017,0,1.500
21-nov-2017,0,33.800
22-nov-2017,0,13.800
23-nov-2017,1,0.400
24-nov-2017,1,0.100
25-nov-2017,1,0.100
26-nov-2017,1,3.500
27-nov-2017,0,0.000
28-nov-2017,0,0.000
29-nov-2017,0,0.000
30-nov-2017,0,0.200
01-dec-2017,0,0.000
02-dec-2017,0,0.300
03-dec-2017,0,0.500
04-dec-2017,0,0.000
05-dec-2017,0,0.000
06-dec-2017,0,6.600
07-dec-2017,0,0.000
08-dec-2017,1,0.100
09-dec-2017,1,10.000
10-dec-2017,1,1.200
11-dec-2017,0,0.900
12-dec-2017,0,3.500
13-dec-2017,0,2.900
14-dec-2017,0,0.300
15-dec-2017,0,0.000
16-dec-2017,1,1.300
17-dec-2017,1,0.300
18-dec-2017,0,0.100
19-dec-2017,0,0.000
20-dec-2017,0,0.300
21-dec-2017,0,2.500
22-dec-2017,1,0.200
23-dec-2017,1,1.800
24-dec-2017,1,14.000
25-dec-2017,1,4.700
26-dec-2017,0,0.000
27-dec-2017,0,0.000
28-dec-2017,0,6.200
29-dec-2017,0,11.800
30-dec-2017,0,4.500
31-dec-2017,0,0.200
01-jan-2018,0,4.000
02-jan-2018,0,7.800
03-jan-2018,0,10.700
04-jan-2018,0,0.500
05-jan-2018,0,0.000
06-jan-2018,0,0.000
07-jan-2018,0,0.000
08-jan-2018,0,0.000
09-jan-2018,0,0.600
10-jan-2018,0,0.100
11-jan-2018,0,0.000
12-jan-2018,0,0.200
13-jan-2018,0,0.100
14-jan-2018,0,8.400
15-jan-2018,0,0.500
16-jan-2018,0,5.400
17-jan-2018,0,5.700
18-jan-2018,0,0.300
19-jan-2018,1,4.400
20-jan-2018,1,23.100
21-jan-2018,1,4.600
22-jan-2018,0,0.000
23-jan-2018,0,7.600
24-jan-2018,0,0.000
25-jan-2018,1,0.900
26-jan-2018,1,4.400
27-jan-2018,1,0.300
28-jan-2018,1,6.300
29-jan-2018,0,0.000
30-jan-2018,0,2.500
31-jan-2018,0,2.900
01-feb-2018,0,0.000
02-feb-2018,1,2.200
03-feb-2018,1,0.100
04-feb-2018,1,0.300
05-feb-2018,0,1.800
06-feb-2018,0,1.500
07-feb-2018,0,1.600
08-feb-2018,0,1.500
09-feb-2018,1,5.200
10-feb-2018,1,1.700
11-feb-2018,1,0.300
12-feb-2018,0,3.300
13-feb-2018,0,0.000
14-feb-2018,0,2.600
15-feb-2018,1,1.200
16-feb-2018,1,1.500
17-feb-2018,1,0.000
18-feb-2018,1,1.500
19-feb-2018,0,0.700
20-feb-2018,0,0.000
21-feb-2018,0,0.000
22-feb-2018,0,0.000
23-feb-2018,0,0.000
24-feb-2018,0,0.000
25-feb-2018,0,0.000
26-feb-2018,0,0.000
27-feb-2018,1,3.500
28-feb-2018,1,6.500
01-mar-2018,1,8.100
02-mar-2018,1,9.100
03-mar-2018,1,3.300
04-mar-2018,1,3.100
05-mar-2018,0,0.300
06-mar-2018,0,0.100
07-mar-2018,0,0.000
08-mar-2018,0,0.100
09-mar-2018,1,9.900
10-mar-2018,1,0.900
11-mar-2018,1,2.600
12-mar-2018,0,1.000
13-mar-2018,0,0.200
14-mar-2018,0,6.900
15-mar-2018,0,3.800
16-mar-2018,1,4.500
17-mar-2018,1,2.500
18-mar-2018,0,3.900
19-mar-2018,0,0.000
20-mar-2018,0,0.000
21-mar-2018,0,0.000
22-mar-2018,0,1.800
23-mar-2018,0,4.200
24-mar-2018,0,0.000
25-mar-2018,0,0.000
26-mar-2018,0,4.300
27-mar-2018,0,1.400
28-mar-2018,0,0.000
29-mar-2018,0,8.700
30-mar-2018,0,1.600
31-mar-2018,0,0.500
01-apr-2018,0,7.800
02-apr-2018,0,7.900
03-apr-2018,0,12.800
04-apr-2018,0,1.800
05-apr-2018,0,0.100
06-apr-2018,0,2.000
07-apr-2018,0,2.700
08-apr-2018,0,6.000
09-apr-2018,0,2.200
10-apr-2018,0,1.800
11-apr-2018,0,0.800
12-apr-2018,0,0.300
13-apr-2018,0,0.000
14-apr-2018,0,0.100
15-apr-2018,0,1.600
16-apr-2018,0,2.800
17-apr-2018,0,0.200
18-apr-2018,0,0.000
19-apr-2018,0,0.000
20-apr-2018,0,0.000
21-apr-2018,0,2.800
22-apr-2018,4,0.000
23-apr-2018,0,0.500
24-apr-2018,0,9.100
25-apr-2018,0,2.400
26-apr-2018,0,0.200
27-apr-2018,0,0.000
28-apr-2018,0,0.000
29-apr-2018,0,0.000
30-apr-2018,0,0.000
01-may-2018,0,2.700
02-may-2018,0,3.000
03-may-2018,0,1.000
04-may-2018,0,0.000
05-may-2018,0,0.000
06-may-2018,0,0.000
07-may-2018,0,0.000
08-may-2018,0,0.600
09-may-2018,0,2.300
10-may-2018,0,0.000
11-may-2018,0,2.600
12-may-2018,0,0.000
13-may-2018,0,0.000
14-may-2018,0,0.000
15-may-2018,0,0.000
16-may-2018,0,0.000
17-may-2018,0,0.000
18-may-2018,0,0.000
19-may-2018,1,0.700
20-may-2018,1,3.300
21-may-2018,0,0.000
22-may-2018,0,0.000
23-may-2018,0,0.000
24-may-2018,0,0.000
25-may-2018,0,0.100
26-may-2018,0,0.000
27-may-2018,0,1.900
28-may-2018,0,0.000
29-may-2018,0,0.000
30-may-2018,0,0.000
31-may-2018,0,0.000
01-jun-2018,0,0.000
02-jun-2018,0,0.000
03-jun-2018,0,0.000
04-jun-2018,0,0.000
05-jun-2018,0,0.000
06-jun-2018,0,0.000
07-jun-2018,0,0.000
08-jun-2018,0,0.000
09-jun-2018,0,0.000
10-jun-2018,0,0.000
11-jun-2018,0,0.000
12-jun-2018,0,0.000
13-jun-2018,0,0.800
14-jun-2018,0,0.400
15-jun-2018,0,4.600
16-jun-2018,4,0.000
17-jun-2018,4,0.000
18-jun-2018,0,0.100
19-jun-2018,0,1.100
20-jun-2018,0,0.000
21-jun-2018,0,0.000
22-jun-2018,0,0.000
23-jun-2018,0,0.000
24-jun-2018,0,0.000
25-jun-2018,0,0.000
26-jun-2018,0,0.000
27-jun-2018,0,0.000
28-jun-2018,0,0.000
29-jun-2018,0,0.000
30-jun-2018,0,0.000
01-jul-2018,0,0.000
02-jul-2018,0,0.000
03-jul-2018,0,0.000
04-jul-2018,0,0.000
05-jul-2018,0,0.000
06-jul-2018,0,0.000
07-jul-2018,0,0.000
08-jul-2018,0,0.000
09-jul-2018,0,0.000
10-jul-2018,0,0.000
11-jul-2018,0,0.000
12-jul-2018,0,0.000
13-jul-2018,0,0.000
14-jul-2018,1,0.200
15-jul-2018,1,2.800
16-jul-2018,4,0.000
17-jul-2018,0,0.000
18-jul-2018,0,0.000
19-jul-2018,0,8.600
20-jul-2018,0,2.600
21-jul-2018,0,0.000
22-jul-2018,0,1.500
23-jul-2018,0,0.700
24-jul-2018,0,0.000
25-jul-2018,0,0.000
26-jul-2018,0,0.000
27-jul-2018,0,12.300
28-jul-2018,0,7.600
29-jul-2018,0,1.100
30-jul-2018,1,2.000
31-jul-2018,1,0.500
01-aug-2018,0,6.100
02-aug-2018,0,1.100
03-aug-2018,0,0.000
04-aug-2018,0,0.000
05-aug-2018,0,0.000
06-aug-2018,0,0.000
07-aug-2018,0,0.000
08-aug-2018,0,0.000
09-aug-2018,0,0.600
10-aug-2018,0,0.600
11-aug-2018,1,2.100
12-aug-2018,1,0.700
13-aug-2018,0,0.000
14-aug-2018,0,0.000
15-aug-2018,0,7.400
16-aug-2018,0,5.400
17-aug-2018,0,2.200
18-aug-2018,1,4.900
19-aug-2018,1,2.100
20-aug-2018,0,0.200
21-aug-2018,0,0.800
22-aug-2018,0,1.200
23-aug-2018,0,0.900
24-aug-2018,0,5.100
25-aug-2018,1,11.200
26-aug-2018,1,0.700
27-aug-2018,0,0.000
28-aug-2018,0,1.300
29-aug-2018,0,0.000
30-aug-2018,0,0.000
31-aug-2018,0,0.000
01-sep-2018,4,0.000
02-sep-2018,0,1.600
03-sep-2018,0,0.000
04-sep-2018,0,0.000
05-sep-2018,0,3.700
06-sep-2018,0,1.000
07-sep-2018,0,6.000
08-sep-2018,0,1.100
09-sep-2018,4,0.000
10-sep-2018,0,2.200
11-sep-2018,0,1.000
12-sep-2018,0,0.000
13-sep-2018,0,1.300
14-sep-2018,0,0.300
15-sep-2018,1,5.000
16-sep-2018,1,0.000
17-sep-2018,0,1.300
18-sep-2018,0,0.000
19-sep-2018,0,0.200
20-sep-2018,0,14.800
21-sep-2018,0,2.900
22-sep-2018,0,0.200
23-sep-2018,0,0.000
24-sep-2018,0,0.000
25-sep-2018,0,0.000
26-sep-2018,0,0.000
27-sep-2018,0,0.100
28-sep-2018,0,0.000
29-sep-2018,0,0.100
30-sep-2018,0,0.000
01-oct-2018,0,0.800
02-oct-2018,0,1.200
03-oct-2018,0,0.100
04-oct-2018,0,11.300
05-oct-2018,0,0.000
06-oct-2018,0,0.000
07-oct-2018,0,0.000
08-oct-2018,0,0.000
09-oct-2018,0,0.000
10-oct-2018,0,0.000
11-oct-2018,0,3.000
12-oct-2018,0,14.300
13-oct-2018,0,13.100
14-oct-2018,0,1.700
15-oct-2018,0,0.000
16-oct-2018,0,0.000
17-oct-2018,0,0.000
18-oct-2018,0,0.000
19-oct-2018,0,0.000
20-oct-2018,1,0.200
21-oct-2018,1,0.900
22-oct-2018,0,0.000
23-oct-2018,0,0.000
24-oct-2018,0,0.000
25-oct-2018,0,1.500
26-oct-2018,0,0.000
27-oct-2018,0,0.000
28-oct-2018,0,0.000
29-oct-2018,0,0.000
30-oct-2018,0,2.400
31-oct-2018,0,1.100
01-nov-2018,0,0.000
02-nov-2018,0,1.800
03-nov-2018,0,0.300
04-nov-2018,0,11.300
05-nov-2018,0,0.600
06-nov-2018,0,20.300
07-nov-2018,0,1.100
08-nov-2018,0,0.400
09-nov-2018,0,9.200
10-nov-2018,1,2.600
11-nov-2018,1,1.100
12-nov-2018,0,0.100
13-nov-2018,0,2.500
14-nov-2018,0,0.300
15-nov-2018,0,0.100
16-nov-2018,0,0.000
17-nov-2018,0,0.000
18-nov-2018,0,0.000
19-nov-2018,0,2.500
20-nov-2018,0,28.500
21-nov-2018,0,12.300
22-nov-2018,0,0.100
23-nov-2018,0,0.000
24-nov-2018,0,2.800
25-nov-2018,0,1.200
26-nov-2018,0,0.400
27-nov-2018,0,7.500
28-nov-2018,0,17.200
29-nov-2018,0,0.600
30-nov-2018,0,1.600
01-dec-2018,0,5.600
02-dec-2018,0,4.900
03-dec-2018,0,0.000
04-dec-2018,0,14.400
05-dec-2018,0,1.800
06-dec-2018,0,2.500
07-dec-2018,1,0.900
08-dec-2018,1,4.100
09-dec-2018,1,0.000
10-dec-2018,0,0.000
11-dec-2018,0,5.400
12-dec-2018,0,0.800
13-dec-2018,0,1.000
14-dec-2018,0,8.100
15-dec-2018,1,16.600
16-dec-2018,1,0.000
17-dec-2018,0,2.100
18-dec-2018,0,2.500
19-dec-2018,0,0.800
20-dec-2018,0,6.400
21-dec-2018,1,1.200
22-dec-2018,1,16.900
23-dec-2018,0,0.600
24-dec-2018,0,0.000
25-dec-2018,0,0.000
26-dec-2018,0,0.000
27-dec-2018,0,0.000
28-dec-2018,0,0.000
29-dec-2018,0,0.000
30-dec-2018,0,0.200
31-dec-2018,0,0.000
01-jan-2019,0,0.100
02-jan-2019,0,0.000
03-jan-2019,0,0.000
04-jan-2019,0,0.000
05-jan-2019,0,0.000
06-jan-2019,0,0.200
07-jan-2019,0,0.400
08-jan-2019,0,0.000
09-jan-2019,0,1.800
10-jan-2019,0,0.400
11-jan-2019,0,0.100
12-jan-2019,4,0.000
13-jan-2019,0,0.200
14-jan-2019,0,0.200
15-jan-2019,0,2.000
16-jan-2019,0,0.000
17-jan-2019,0,3.600
18-jan-2019,1,0.800
19-jan-2019,1,1.200
20-jan-2019,0,0.000
21-jan-2019,0,4.200
22-jan-2019,0,0.000
23-jan-2019,0,1.200
24-jan-2019,0,3.400
25-jan-2019,0,0.500
26-jan-2019,0,3.300
27-jan-2019,0,4.900
28-jan-2019,0,2.700
29-jan-2019,0,0.700
30-jan-2019,0,0.200
31-jan-2019,0,4.200
01-feb-2019,0,1.200
02-feb-2019,0,0.000
03-feb-2019,0,1.600
04-feb-2019,0,0.200
05-feb-2019,0,2.300
06-feb-2019,0,7.000
07-feb-2019,0,4.600
08-feb-2019,0,1.400
09-feb-2019,1,4.200
10-feb-2019,1,1.300
11-feb-2019,0,0.000
12-feb-2019,0,0.000
13-feb-2019,0,0.000
14-feb-2019,0,0.000
15-feb-2019,0,0.000
16-feb-2019,1,1.300
17-feb-2019,1,0.700
18-feb-2019,0,0.300
19-feb-2019,0,3.800
20-feb-2019,0,0.000
21-feb-2019,0,0.000
22-feb-2019,0,0.100
23-feb-2019,0,0.700
24-feb-2019,0,0.000
25-feb-2019,0,0.000
26-feb-2019,0,0.000
27-feb-2019,0,0.000
28-feb-2019,0,0.000
01-mar-2019,1,6.400
02-mar-2019,1,5.300
03-mar-2019,1,19.700
04-mar-2019,0,2.300
05-mar-2019,0,18.400
06-mar-2019,0,1.800
07-mar-2019,0,0.200
08-mar-2019,0,3.400
09-mar-2019,1,7.100
10-mar-2019,1,0.900
11-mar-2019,0,3.500
12-mar-2019,0,1.000
13-mar-2019,0,4.700
14-mar-2019,0,5.100
15-mar-2019,0,18.400
16-mar-2019,0,1.400
17-mar-2019,0,0.400
18-mar-2019,0,2.000
19-mar-2019,0,0.000
20-mar-2019,0,0.000
21-mar-2019,0,0.000
22-mar-2019,0,0.000
23-mar-2019,0,0.000
24-mar-2019,0,0.200
25-mar-2019,0,0.000
26-mar-2019,0,0.000
27-mar-2019,0,0.000
28-mar-2019,0,0.000
29-mar-2019,0,0.000
30-mar-2019,0,0.000
31-mar-2019,0,0.400
01-apr-2019,0,2.000
02-apr-2019,0,0.400
03-apr-2019,0,7.600
04-apr-2019,0,9.400
05-apr-2019,0,3.800
06-apr-2019,0,0.000
07-apr-2019,0,0.000
08-apr-2019,0,2.500
09-apr-2019,0,0.000
10-apr-2019,0,0.000
11-apr-2019,0,0.000
12-apr-2019,0,0.000
13-apr-2019,0,0.000
14-apr-2019,0,6.000
15-apr-2019,0,24.100
16-apr-2019,0,0.000
17-apr-2019,0,0.000
18-apr-2019,0,0.000
19-apr-2019,0,0.000
20-apr-2019,0,0.000
21-apr-2019,0,0.000
22-apr-2019,0,0.000
23-apr-2019,0,0.000
24-apr-2019,0,7.000
25-apr-2019,0,3.000
26-apr-2019,1,8.800
27-apr-2019,1,0.500
28-apr-2019,1,0.300
29-apr-2019,0,1.200
30-apr-2019,0,3.600
01-may-2019,0,1.300
02-may-2019,0,0.400
03-may-2019,0,0.000
04-may-2019,0,0.000
05-may-2019,0,0.000
06-may-2019,0,0.000
07-may-2019,0,1.000
08-may-2019,0,10.500
09-may-2019,0,6.200
10-may-2019,0,1.200
11-may-2019,0,0.000
12-may-2019,0,0.000
13-may-2019,0,0.000
14-may-2019,0,0.000
15-may-2019,0,0.000
16-may-2019,0,0.000
17-may-2019,0,0.000
18-may-2019,0,0.000
19-may-2019,0,1.000
20-may-2019,0,0.000
21-may-2019,0,0.000
22-may-2019,0,0.000
23-may-2019,0,0.000
24-may-2019,0,2.000
25-may-2019,0,0.000
26-may-2019,0,0.000
27-may-2019,0,4.200
28-may-2019,0,1.800
29-may-2019,0,1.700
30-may-2019,0,0.800
31-may-2019,0,0.000
01-jun-2019,1,3.500
02-jun-2019,1,0.000
03-jun-2019,1,5.300
04-jun-2019,0,29.300
05-jun-2019,0,0.300
06-jun-2019,0,0.400
07-jun-2019,0,0.100
08-jun-2019,1,0.000
09-jun-2019,1,0.200
10-jun-2019,0,0.900
11-jun-2019,0,0.900
12-jun-2019,0,3.200
13-jun-2019,0,0.800
14-jun-2019,0,19.000
15-jun-2019,0,0.000
16-jun-2019,0,2.000
17-jun-2019,0,0.500
18-jun-2019,0,0.000
19-jun-2019,0,2.600
20-jun-2019,0,2.800
21-jun-2019,1,0.000
22-jun-2019,1,0.000
23-jun-2019,1,17.900
24-jun-2019,0,0.000
25-jun-2019,0,0.000
26-jun-2019,0,0.000
27-jun-2019,0,0.000
28-jun-2019,0,0.000
29-jun-2019,1,0.300
30-jun-2019,1,0.300
01-jul-2019,0,0.000
02-jul-2019,0,0.000
03-jul-2019,0,0.000
04-jul-2019,0,0.000
05-jul-2019,0,0.000
06-jul-2019,1,0.800
07-jul-2019,1,0.000
08-jul-2019,0,1.700
09-jul-2019,0,0.000
10-jul-2019,0,9.300
11-jul-2019,0,0.000
12-jul-2019,0,0.000
13-jul-2019,0,0.000
14-jul-2019,0,0.000
15-jul-2019,0,0.000
16-jul-2019,0,0.100
17-jul-2019,0,1.500
18-jul-2019,0,0.300
19-jul-2019,1,3.300
20-jul-2019,1,0.000
21-jul-2019,1,9.000
22-jul-2019,0,0.000
23-jul-2019,0,0.000
24-jul-2019,0,0.000
25-jul-2019,0,0.000
26-jul-2019,0,0.000
27-jul-2019,0,0.000
28-jul-2019,0,0.000
29-jul-2019,0,1.000
30-jul-2019,0,15.000
31-jul-2019,0,0.000
01-aug-2019,0,0.000
02-aug-2019,0,0.000
03-aug-2019,1,2.600
04-aug-2019,1,11.800
05-aug-2019,0,3.600
06-aug-2019,0,9.600
07-aug-2019,0,0.100
08-aug-2019,0,33.400
09-aug-2019,0,4.300
10-aug-2019,0,12.700
11-aug-2019,0,0.000
12-aug-2019,0,6.500
13-aug-2019,0,3.400
14-aug-2019,0,3.300
15-aug-2019,0,6.000
16-aug-2019,0,0.200
17-aug-2019,0,0.000
18-aug-2019,0,6.800
19-aug-2019,0,4.800
20-aug-2019,0,2.300
21-aug-2019,0,5.200
22-aug-2019,0,0.200
23-aug-2019,0,0.000
24-aug-2019,0,0.000
25-aug-2019,0,0.000
26-aug-2019,0,0.000
27-aug-2019,0,0.000
28-aug-2019,0,0.200
29-aug-2019,0,0.000
30-aug-2019,1,3.700
31-aug-2019,1,1.300
01-sep-2019,0,0.000
02-sep-2019,0,2.800
03-sep-2019,0,1.400
04-sep-2019,0,0.600
05-sep-2019,0,4.500
06-sep-2019,0,0.000
07-sep-2019,0,0.000
08-sep-2019,0,4.600
09-sep-2019,0,0.800
10-sep-2019,0,1.200
11-sep-2019,0,0.200
12-sep-2019,0,0.000
13-sep-2019,0,0.000
14-sep-2019,1,1.100
15-sep-2019,1,9.800
16-sep-2019,1,0.500
17-sep-2019,0,0.000
18-sep-2019,0,0.000
19-sep-2019,0,0.000
20-sep-2019,0,0.000
21-sep-2019,0,13.500
22-sep-2019,0,5.700
23-sep-2019,0,8.500
24-sep-2019,0,0.500
25-sep-2019,0,3.000
26-sep-2019,0,6.300
27-sep-2019,1,2.500
28-sep-2019,1,19.200
29-sep-2019,0,0.000
30-sep-2019,0,28.400
01-oct-2019,0,5.300
02-oct-2019,0,0.000
03-oct-2019,0,8.300
04-oct-2019,0,4.300
05-oct-2019,1,13.300
06-oct-2019,1,6.300
07-oct-2019,0,0.500
08-oct-2019,0,2.400
09-oct-2019,0,0.900
10-oct-2019,0,4.000
11-oct-2019,0,0.000
12-oct-2019,1,5.400
13-oct-2019,1,3.400
14-oct-2019,0,8.500
15-oct-2019,0,3.500
16-oct-2019,0,0.000
17-oct-2019,0,2.600
18-oct-2019,1,0.600
19-oct-2019,1,2.300
20-oct-2019,0,0.000
21-oct-2019,0,0.000
22-oct-2019,0,0.000
23-oct-2019,0,1.000
24-oct-2019,0,1.100
25-oct-2019,0,8.800
26-oct-2019,0,0.000
27-oct-2019,0,0.000
28-oct-2019,0,0.200
29-oct-2019,0,0.000
30-oct-2019,0,0.400
31-oct-2019,0,8.900
01-nov-2019,0,6.900
02-nov-2019,0,20.400
03-nov-2019,0,0.900
04-nov-2019,0,21.200
05-nov-2019,0,0.100
06-nov-2019,0,10.400
07-nov-2019,0,13.700
08-nov-2019,0,11.600
09-nov-2019,0,1.400
10-nov-2019,0,10.300
11-nov-2019,0,0.800
12-nov-2019,0,0.000
13-nov-2019,0,20.500
14-nov-2019,0,0.000
15-nov-2019,0,0.000
16-nov-2019,0,0.000
17-nov-2019,0,0.000
18-nov-2019,0,0.000
19-nov-2019,0,3.400
20-nov-2019,0,1.300
21-nov-2019,0,2.600
22-nov-2019,0,23.800
23-nov-2019,1,2.000
24-nov-2019,1,7.300
25-nov-2019,0,3.300
26-nov-2019,0,3.200
27-nov-2019,0,0.000
28-nov-2019,0,0.700
29-nov-2019,0,0.000
30-nov-2019,0,0.300
01-dec-2019,0,1.000
02-dec-2019,0,0.000
03-dec-2019,0,0.000
04-dec-2019,0,0.000
05-dec-2019,0,2.800
06-dec-2019,1,0.700
07-dec-2019,1,5.000
08-dec-2019,1,3.900
09-dec-2019,0,1.800
10-dec-2019,0,4.900
11-dec-2019,0,2.800
12-dec-2019,0,11.800
13-dec-2019,0,0.600
14-dec-2019,1,0.100
15-dec-2019,1,0.200
16-dec-2019,0,0.000
17-dec-2019,0,0.000
18-dec-2019,0,1.900
19-dec-2019,0,14.600
20-dec-2019,1,0.600
21-dec-2019,1,0.300
22-dec-2019,1,0.000
23-dec-2019,0,0.000
24-dec-2019,0,0.000
25-dec-2019,0,6.800
26-dec-2019,0,1.400
27-dec-2019,0,0.000
28-dec-2019,0,0.000
29-dec-2019,0,0.000
30-dec-2019,0,0.100
31-dec-2019,0,0.000
01-jan-2020,0,0.000
02-jan-2020,0,3.400
03-jan-2020,0,0.000
04-jan-2020,0,0.000
05-jan-2020,0,1.100
06-jan-2020,0,8.500
07-jan-2020,0,0.000
08-jan-2020,0,10.400
09-jan-2020,0,0.000
10-jan-2020,0,0.600
11-jan-2020,0,6.300
12-jan-2020,0,1.600
13-jan-2020,0,3.400
14-jan-2020,0,4.100
15-jan-2020,0,0.000
16-jan-2020,0,1.600
17-jan-2020,0,0.000
18-jan-2020,0,0.000
19-jan-2020,0,0.000
20-jan-2020,0,0.100
21-jan-2020,0,0.100
22-jan-2020,0,0.100
23-jan-2020,0,0.100
24-jan-2020,0,0.000
25-jan-2020,0,3.300
26-jan-2020,0,0.000
27-jan-2020,0,0.000
28-jan-2020,0,0.000
29-jan-2020,0,0.300
30-jan-2020,0,1.100
31-jan-2020,0,0.000
01-feb-2020,1,3.900
02-feb-2020,1,1.200
03-feb-2020,0,0.900
04-feb-2020,0,0.000
05-feb-2020,0,0.000
06-feb-2020,0,0.000
07-feb-2020,1,0.700
08-feb-2020,1,29.900
09-feb-2020,0,4.300
10-feb-2020,0,2.700
11-feb-2020,0,1.900
12-feb-2020,0,2.600
13-feb-2020,0,0.000
14-feb-2020,1,1.300
15-feb-2020,1,14.200
16-feb-2020,0,4.500
17-feb-2020,0,2.000
18-feb-2020,0,5.200
19-feb-2020,0,12.500
20-feb-2020,0,0.500
21-feb-2020,0,13.900
22-feb-2020,1,10.100
23-feb-2020,1,21.900
24-feb-2020,0,0.800
25-feb-2020,0,2.900
26-feb-2020,0,0.000
27-feb-2020,0,4.500
28-feb-2020,0,3.300
29-feb-2020,0,7.300
01-mar-2020,0,0.100
02-mar-2020,0,0.100
03-mar-2020,0,0.000
04-mar-2020,0,0.000
05-mar-2020,0,0.100
06-mar-2020,0,0.000
07-mar-2020,1,1.800
08-mar-2020,1,2.400
09-mar-2020,0,13.300
10-mar-2020,0,0.300
11-mar-2020,0,4.100
12-mar-2020,0,3.700
13-mar-2020,1,1.100
14-mar-2020,1,3.100
15-mar-2020,1,0.200
16-mar-2020,1,0.000
17-mar-2020,0,4.200
18-mar-2020,0,0.000
19-mar-2020,0,0.000
20-mar-2020,0,0.000
21-mar-2020,0,0.000
22-mar-2020,0,0.000
23-mar-2020,0,0.000
24-mar-2020,0,0.000
25-mar-2020,0,0.000
26-mar-2020,0,0.000
27-mar-2020,0,0.000
28-mar-2020,0,0.000
29-mar-2020,0,0.000
30-mar-2020,0,0.000
31-mar-2020,0,0.000
01-apr-2020,0,0.500
02-apr-2020,0,1.500
03-apr-2020,0,0.000
04-apr-2020,0,0.000
05-apr-2020,0,2.300
06-apr-2020,0,0.000
07-apr-2020,0,0.000
08-apr-2020,0,0.000
09-apr-2020,0,0.000
10-apr-2020,0,0.000
11-apr-2020,0,0.000
12-apr-2020,0,0.400
13-apr-2020,0,0.000
14-apr-2020,0,0.000
15-apr-2020,0,0.000
16-apr-2020,0,0.000
17-apr-2020,0,1.100
18-apr-2020,0,1.100
19-apr-2020,0,0.000
20-apr-2020,0,0.000
21-apr-2020,0,0.000
22-apr-2020,0,0.000
23-apr-2020,0,0.000
24-apr-2020,0,0.000
25-apr-2020,0,0.000
26-apr-2020,0,0.200
27-apr-2020,0,0.000
28-apr-2020,0,0.000
29-apr-2020,0,8.100
30-apr-2020,0,0.100
01-may-2020,0,4.100
02-may-2020,0,0.000
03-may-2020,0,0.000
04-may-2020,0,0.000
05-may-2020,0,0.000
06-may-2020,0,0.500
07-may-2020,0,0.200
08-may-2020,0,0.000
09-may-2020,0,0.000
10-may-2020,0,0.000
11-may-2020,0,0.000
12-may-2020,0,0.000
13-may-2020,0,0.000
14-may-2020,0,0.000
15-may-2020,0,0.000
16-may-2020,0,0.200
17-may-2020,0,0.000
18-may-2020,0,1.400
19-may-2020,0,0.000
20-may-2020,0,0.200
21-may-2020,0,6.600
22-may-2020,0,2.800
23-may-2020,0,0.300
24-may-2020,0,0.000
25-may-2020,0,0.000
26-may-2020,0,0.000
27-may-2020,0,0.000
28-may-2020,0,0.000
29-may-2020,0,0.000
30-may-2020,0,0.000
31-may-2020,0,0.000
01-jun-2020,0,0.000
02-jun-2020,0,0.400
03-jun-2020,0,0.200
04-jun-2020,0,0.600
05-jun-2020,0,1.600
06-jun-2020,0,0.500
07-jun-2020,0,0.000
08-jun-2020,0,0.000
09-jun-2020,0,0.200
10-jun-2020,0,6.700
11-jun-2020,0,3.600
12-jun-2020,0,1.900
13-jun-2020,0,2.100
14-jun-2020,0,0.200
15-jun-2020,0,0.000
16-jun-2020,0,13.400
17-jun-2020,0,3.700
18-jun-2020,0,12.700
19-jun-2020,1,1.100
20-jun-2020,1,7.500
21-jun-2020,1,3.600
22-jun-2020,0,4.800
23-jun-2020,0,2.500
24-jun-2020,0,0.000
25-jun-2020,0,0.800
26-jun-2020,0,7.900
27-jun-2020,1,2.900
28-jun-2020,1,0.500
29-jun-2020,0,0.500
30-jun-2020,0,0.800
01-jul-2020,0,25.500
02-jul-2020,0,2.500
03-jul-2020,0,2.500
04-jul-2020,0,1.200
05-jul-2020,0,3.700
06-jul-2020,0,2.100
07-jul-2020,0,12.100
08-jul-2020,0,14.800
09-jul-2020,0,0.000
10-jul-2020,0,0.000
11-jul-2020,0,0.000
12-jul-2020,0,1.400
13-jul-2020,0,0.000
14-jul-2020,0,4.200
15-jul-2020,0,0.100
16-jul-2020,0,0.000
17-jul-2020,0,2.800
18-jul-2020,0,0.000
19-jul-2020,0,0.000
20-jul-2020,0,0.000
21-jul-2020,0,1.900
22-jul-2020,0,3.400
23-jul-2020,0,0.900
24-jul-2020,1,3.800
25-jul-2020,1,7.200
26-jul-2020,1,16.700
27-jul-2020,0,1.500
28-jul-2020,0,0.000
29-jul-2020,0,10.500
30-jul-2020,0,0.000
31-jul-2020,0,3.500
01-aug-2020,1,0.900
02-aug-2020,1,1.600
03-aug-2020,0,3.800
04-aug-2020,0,1.000
05-aug-2020,0,1.400
06-aug-2020,0,0.300
07-aug-2020,0,2.000
08-aug-2020,0,0.000
09-aug-2020,0,0.000
10-aug-2020,0,0.600
11-aug-2020,0,0.000
12-aug-2020,0,0.000
13-aug-2020,0,0.000
14-aug-2020,0,0.000
15-aug-2020,1,0.800
16-aug-2020,1,6.700
17-aug-2020,0,10.300
18-aug-2020,0,10.400
19-aug-2020,0,8.600
20-aug-2020,0,10.900
21-aug-2020,1,0.600
22-aug-2020,1,1.400
23-aug-2020,0,0.000
24-aug-2020,0,18.100
25-aug-2020,0,12.100
26-aug-2020,0,1.500
27-aug-2020,0,11.400
28-aug-2020,0,2.000
29-aug-2020,0,0.000
30-aug-2020,0,0.000
31-aug-2020,0,0.000
01-sep-2020,0,12.100
02-sep-2020,0,11.800
03-sep-2020,0,0.600
04-sep-2020,0,0.300
05-sep-2020,1,2.600
06-sep-2020,1,6.200
07-sep-2020,0,0.000
08-sep-2020,0,0.200
09-sep-2020,0,0.000
10-sep-2020,0,0.000
11-sep-2020,0,0.000
12-sep-2020,0,0.000
13-sep-2020,0,0.000
14-sep-2020,0,3.600
15-sep-2020,0,0.000
16-sep-2020,0,0.000
17-sep-2020,0,0.000
18-sep-2020,0,0.000
19-sep-2020,0,0.000
20-sep-2020,0,0.000
21-sep-2020,0,0.000
22-sep-2020,0,2.200
23-sep-2020,0,11.100
24-sep-2020,0,0.400
25-sep-2020,0,0.000
26-sep-2020,0,0.000
27-sep-2020,0,0.300
28-sep-2020,0,0.500
29-sep-2020,0,9.500
30-sep-2020,0,7.300
01-oct-2020,0,8.800
02-oct-2020,0,0.000
03-oct-2020,1,4.100
04-oct-2020,1,13.700
05-oct-2020,0,0.600
06-oct-2020,0,0.100
07-oct-2020,0,16.600
08-oct-2020,0,0.300
09-oct-2020,0,0.900
10-oct-2020,4,0.000
11-oct-2020,0,1.600
12-oct-2020,0,0.200
13-oct-2020,0,0.000
14-oct-2020,0,0.000
15-oct-2020,0,1.600
16-oct-2020,0,0.000
17-oct-2020,0,0.400
18-oct-2020,0,0.200
19-oct-2020,0,10.000
20-oct-2020,0,0.400
21-oct-2020,4,0.000
22-oct-2020,0,2.400
23-oct-2020,1,2.300
24-oct-2020,1,0.200
25-oct-2020,1,0.400
26-oct-2020,1,1.600
27-oct-2020,0,0.500
28-oct-2020,0,6.800
29-oct-2020,1,1.200
30-oct-2020,1,2.400
31-oct-2020,1,0.600
01-nov-2020,0,12.000
02-nov-2020,1,1.000
03-nov-2020,1,0.300
04-nov-2020,0,0.000
05-nov-2020,0,0.000
06-nov-2020,0,0.000
07-nov-2020,0,9.200
08-nov-2020,0,0.500
09-nov-2020,0,2.600
10-nov-2020,0,0.200
11-nov-2020,0,3.800
12-nov-2020,0,5.700
13-nov-2020,1,1.700
14-nov-2020,1,7.500
15-nov-2020,1,0.700
16-nov-2020,1,2.300
17-nov-2020,0,1.200
18-nov-2020,0,4.100
19-nov-2020,0,1.600
20-nov-2020,0,3.600
21-nov-2020,1,0.800
22-nov-2020,1,0.000
23-nov-2020,0,0.300
24-nov-2020,0,5.100
25-nov-2020,0,0.000
26-nov-2020,0,0.000
27-nov-2020,0,0.000
28-nov-2020,0,0.000
29-nov-2020,0,0.000
30-nov-2020,0,0.000
01-dec-2020,0,1.200
02-dec-2020,1,1.100
03-dec-2020,1,0.100
04-dec-2020,1,1.900
05-dec-2020,1,0.100
06-dec-2020,0,0.000
07-dec-2020,0,0.000
08-dec-2020,0,0.000
09-dec-2020,0,3.900
10-dec-2020,0,5.000
11-dec-2020,0,0.200
12-dec-2020,1,12.600
13-dec-2020,1,5.000
14-dec-2020,0,0.000
15-dec-2020,0,4.000
16-dec-2020,0,0.000
17-dec-2020,0,2.000
18-dec-2020,1,2.400
19-dec-2020,1,0.400
20-dec-2020,1,4.400
21-dec-2020,1,1.600
22-dec-2020,1,16.200
23-dec-2020,1,1.700
24-dec-2020,1,0.000
25-dec-2020,1,0.400
26-dec-2020,1,13.200
27-dec-2020,1,7.000
28-dec-2020,1,1.200
29-dec-2020,1,0.000
30-dec-2020,0,0.000
31-dec-2020,0,5.700
01-jan-2021,0,0.000
02-jan-2021,0,0.000
03-jan-2021,0,1.400
04-jan-2021,0,5.600
05-jan-2021,0,3.600
06-jan-2021,0,0.300
07-jan-2021,0,0.000
08-jan-2021,0,0.000
09-jan-2021,0,0.000
10-jan-2021,0,0.500
11-jan-2021,0,11.600
12-jan-2021,1,10.000
13-jan-2021,0,1.500
14-jan-2021,0,0.000
15-jan-2021,0,7.200
16-jan-2021,0,0.000
17-jan-2021,0,0.000
18-jan-2021,0,20.500
19-jan-2021,0,6.300
20-jan-2021,0,2.100
21-jan-2021,0,0.000
22-jan-2021,0,0.000
23-jan-2021,0,0.000
24-jan-2021,0,0.200
25-jan-2021,0,4.100
26-jan-2021,0,1.000
27-jan-2021,0,15.100
28-jan-2021,0,1.600
29-jan-2021,0,9.300
30-jan-2021,1,17.400
31-jan-2021,1,5.800
01-feb-2021,0,23.200
02-feb-2021,0,11.800
03-feb-2021,0,10.300
04-feb-2021,0,3.100
05-feb-2021,1,3.000
06-feb-2021,1,3.300
07-feb-2021,0,0.600
08-feb-2021,0,2.700
09-feb-2021,0,0.200
10-feb-2021,0,0.600
11-feb-2021,0,0.000
12-feb-2021,1,1.500
13-feb-2021,1,1.300
14-feb-2021,1,3.000
15-feb-2021,0,0.200
16-feb-2021,0,1.200
17-feb-2021,0,6.000
18-feb-2021,0,2.100
19-feb-2021,0,2.800
20-feb-2021,0,0.200
21-feb-2021,0,0.100
22-feb-2021,1,2.000
23-feb-2021,1,6.100
24-feb-2021,0,0.800
25-feb-2021,0,0.000
26-feb-2021,0,0.000
27-feb-2021,0,0.000
28-feb-2021,0,0.000
01-mar-2021,0,0.200
02-mar-2021,0,0.000
03-mar-2021,0,0.000
04-mar-2021,0,0.200
05-mar-2021,0,0.000
06-mar-2021,0,0.000
07-mar-2021,0,0.000
08-mar-2021,0,0.000
09-mar-2021,0,3.900
10-mar-2021,0,11.500
11-mar-2021,0,8.100
12-mar-2021,1,3.000
13-mar-2021,1,6.900
14-mar-2021,1,1.900
15-mar-2021,0,0.600
16-mar-2021,0,0.000
17-mar-2021,0,0.000
18-mar-2021,0,0.000
19-mar-2021,0,0.000
20-mar-2021,0,0.000
21-mar-2021,0,0.000
22-mar-2021,0,0.000
23-mar-2021,0,1.300
24-mar-2021,0,0.600
25-mar-2021,0,4.800
26-mar-2021,0,2.800
27-mar-2021,1,2.900
28-mar-2021,1,0.700
29-mar-2021,0,0.000
30-mar-2021,0,0.000
31-mar-2021,0,0.000
01-apr-2021,0,0.000
02-apr-2021,0,0.000
03-apr-2021,0,0.000
04-apr-2021,0,0.500
05-apr-2021,0,0.000
06-apr-2021,0,0.300
07-apr-2021,0,0.500
08-apr-2021,0,0.900
09-apr-2021,0,0.000
10-apr-2021,1,0.800
11-apr-2021,1,1.600
12-apr-2021,0,0.700
13-apr-2021,0,0.000
14-apr-2021,0,0.000
15-apr-2021,0,0.000
16-apr-2021,0,0.000
17-apr-2021,0,1.200
18-apr-2021,0,0.000
19-apr-2021,0,1.300
20-apr-2021,0,0.000
21-apr-2021,0,0.000
22-apr-2021,0,0.000
23-apr-2021,0,0.000
24-apr-2021,0,0.000
25-apr-2021,0,0.000
26-apr-2021,0,0.000
27-apr-2021,0,3.700
28-apr-2021,0,0.000
29-apr-2021,0,6.800
30-apr-2021,0,0.000
01-jan-2022,0,1.400
02-jan-2022,0,0.800
03-jan-2022,0,1.700
04-jan-2022,0,0.000
05-jan-2022,0,0.800
06-jan-2022,0,4.700
07-jan-2022,0,5.100
08-jan-2022,0,0.400
09-jan-2022,0,0.600
10-jan-2022,0,0.300
11-jan-2022,0,0.000
12-jan-2022,0,0.000
13-jan-2022,0,0.000
14-jan-2022,0,0.100
15-jan-2022,0,0.000
16-jan-2022,0,0.000
17-jan-2022,0,0.000
18-jan-2022,0,0.200
19-jan-2022,0,0.000
20-jan-2022,0,0.000
21-jan-2022,0,0.000
22-jan-2022,0,0.000
23-jan-2022,0,0.000
24-jan-2022,0,0.000
25-jan-2022,0,0.000
26-jan-2022,0,0.800
27-jan-2022,0,0.000
28-jan-2022,0,0.000
29-jan-2022,0,0.300
30-jan-2022,0,2.600
31-jan-2022,0,0.200
01-feb-2022,0,0.000
02-feb-2022,0,0.000
03-feb-2022,0,4.200
04-feb-2022,1,1.100
05-feb-2022,1,12.700
06-feb-2022,0,4.300
07-feb-2022,0,0.100
08-feb-2022,0,5.400
09-feb-2022,0,0.000
10-feb-2022,0,0.000
11-feb-2022,0,2.800
12-feb-2022,0,12.400
13-feb-2022,0,5.700
14-feb-2022,0,1.000
15-feb-2022,0,4.600
16-feb-2022,0,2.400
17-feb-2022,0,7.000
18-feb-2022,0,8.900
19-feb-2022,0,4.800
20-feb-2022,0,14.700
21-feb-2022,0,4.400
22-feb-2022,0,0.200
23-feb-2022,0,2.300
24-feb-2022,0,0.700
25-feb-2022,0,0.000
26-feb-2022,0,0.600
27-feb-2022,0,2.400
28-feb-2022,0,0.400
01-mar-2022,0,0.600
02-mar-2022,0,2.800
03-mar-2022,0,0.000
04-mar-2022,0,1.900
05-mar-2022,0,0.000
06-mar-2022,0,0.000
07-mar-2022,0,0.000
08-mar-2022,1,1.100
09-mar-2022,1,14.200
10-mar-2022,0,1.000
11-mar-2022,0,4.400
12-mar-2022,0,5.600
13-mar-2022,0,0.700
14-mar-2022,0,3.100
15-mar-2022,0,0.200
16-mar-2022,0,0.000
17-mar-2022,0,0.000
18-mar-2022,0,0.000
19-mar-2022,0,0.000
20-mar-2022,0,0.000
21-mar-2022,0,0.000
22-mar-2022,0,0.000
23-mar-2022,0,0.000
24-mar-2022,0,0.000
25-mar-2022,0,0.000
26-mar-2022,0,0.000
27-mar-2022,0,0.000
28-mar-2022,0,0.000
29-mar-2022,0,0.000
30-mar-2022,0,0.900
31-mar-2022,0,0.000
01-apr-2022,0,1.400
02-apr-2022,0,1.000
03-apr-2022,0,0.800
04-apr-2022,0,0.000
05-apr-2022,0,0.800
06-apr-2022,0,2.000
07-apr-2022,0,0.000
08-apr-2022,0,0.200
09-apr-2022,0,0.000
10-apr-2022,0,0.000
11-apr-2022,0,1.100
12-apr-2022,0,7.500
13-apr-2022,0,0.000
14-apr-2022,0,0.000
15-apr-2022,0,0.000
16-apr-2022,0,0.000
17-apr-2022,0,3.500
18-apr-2022,0,0.000
19-apr-2022,0,0.000
20-apr-2022,0,0.000
21-apr-2022,0,0.000
22-apr-2022,0,0.000
23-apr-2022,0,0.000
24-apr-2022,0,0.000
25-apr-2022,0,0.000
26-apr-2022,0,0.000
27-apr-2022,0,0.000
28-apr-2022,0,0.000
29-apr-2022,0,0.000
30-apr-2022,0,8.600
01-may-2022,0,6.200
02-may-2022,0,0.000
03-may-2022,0,0.000
04-may-2022,0,0.000
05-may-2022,0,0.000
06-may-2022,0,8.500
07-may-2022,0,0.000
08-may-2022,0,0.000
09-may-2022,0,2.700
10-may-2022,0,1.600
11-may-2022,0,0.300
12-may-2022,0,0.400
13-may-2022,0,0.000
14-may-2022,0,0.000
15-may-2022,0,5.400
16-may-2022,0,0.200
17-may-2022,0,10.700
18-may-2022,0,2.500
19-may-2022,0,0.000
20-may-2022,0,0.600
21-may-2022,0,0.200
22-may-2022,0,1.200
23-may-2022,0,1.800
24-may-2022,0,0.900
25-may-2022,0,0.300
26-may-2022,0,0.600
27-may-2022,0,0.000
28-may-2022,0,0.000
29-may-2022,0,0.000
30-may-2022,0,1.200
31-may-2022,0,3.200
01-jun-2022,0,0.000
02-jun-2022,0,13.500
03-jun-2022,0,0.000
04-jun-2022,0,0.000
05-jun-2022,0,1.800
06-jun-2022,0,0.000
07-jun-2022,0,2.600
08-jun-2022,0,1.600
09-jun-2022,0,2.600
10-jun-2022,0,0.500
11-jun-2022,0,0.000
12-jun-2022,0,0.400
13-jun-2022,0,0.000
14-jun-2022,0,0.000
15-jun-2022,0,0.000
16-jun-2022,0,0.000
17-jun-2022,0,0.500
18-jun-2022,0,0.000
19-jun-2022,0,0.000
20-jun-2022,0,0.000
21-jun-2022,0,0.200
22-jun-2022,0,0.000
23-jun-2022,0,0.000
24-jun-2022,0,7.400
25-jun-2022,0,5.400
26-jun-2022,0,10.600
27-jun-2022,0,5.500
28-jun-2022,0,5.100
29-jun-2022,0,2.300
30-jun-2022,0,0.300
01-jul-2022,0,3.300
02-jul-2022,0,2.900
03-jul-2022,0,0.100
04-jul-2022,0,0.300
05-jul-2022,0,0.000
06-jul-2022,0,0.000
07-jul-2022,0,0.000
08-jul-2022,0,0.000
09-jul-2022,0,0.000
10-jul-2022,0,0.000
11-jul-2022,0,0.800
12-jul-2022,0,0.000
13-jul-2022,0,0.000
14-jul-2022,0,0.000
15-jul-2022,0,0.000
16-jul-2022,0,0.200
17-jul-2022,0,0.200
18-jul-2022,0,0.000
19-jul-2022,0,0.000
20-jul-2022,0,0.000
21-jul-2022,0,0.000
22-jul-2022,0,2.200
23-jul-2022,0,3.000
24-jul-2022,0,11.700
25-jul-2022,0,0.000
26-jul-2022,0,0.000
27-jul-2022,0,0.000
28-jul-2022,0,0.800
29-jul-2022,0,1.200
30-jul-2022,0,8.600
31-jul-2022,0,0.000
01-aug-2022,0,6.700
02-aug-2022,0,0.000
03-aug-2022,0,0.200
04-aug-2022,0,0.000
05-aug-2022,0,0.400
06-aug-2022,0,0.000
07-aug-2022,0,0.000
08-aug-2022,0,0.000
09-aug-2022,0,0.000
10-aug-2022,0,0.000
11-aug-2022,0,0.000
12-aug-2022,0,0.000
13-aug-2022,0,0.000
14-aug-2022,0,0.600
15-aug-2022,0,6.800
16-aug-2022,0,0.000
17-aug-2022,0,0.200
18-aug-2022,0,4.500
19-aug-2022,0,0.200
20-aug-2022,0,0.000
21-aug-2022,0,0.800
22-aug-2022,0,0.500
23-aug-2022,0,1.500
24-aug-2022,0,0.000
25-aug-2022,0,0.000
26-aug-2022,0,0.000
27-aug-2022,0,0.000
28-aug-2022,0,0.000
29-aug-2022,0,0.000
30-aug-2022,0,0.000
31-aug-2022,0,0.000
01-sep-2022,0,0.000
02-sep-2022,0,4.000
03-sep-2022,0,46.800
04-sep-2022,0,19.200
05-sep-2022,0,2.200
06-sep-2022,0,7.200
07-sep-2022,0,3.500
08-sep-2022,0,7.900
09-sep-2022,0,0.600
10-sep-2022,0,0.000
11-sep-2022,0,11.300
12-sep-2022,0,0.600
13-sep-2022,0,0.000
14-sep-2022,0,0.000
15-sep-2022,0,0.000
16-sep-2022,0,0.000
17-sep-2022,0,0.000
18-sep-2022,0,0.000
19-sep-2022,0,0.000
20-sep-2022,0,0.000
21-sep-2022,0,12.300
22-sep-2022,0,13.700
23-sep-2022,0,0.000
24-sep-2022,0,0.000
25-sep-2022,0,0.800
26-sep-2022,0,0.000
27-sep-2022,0,0.000
28-sep-2022,0,1.700
29-sep-2022,0,1.200
30-sep-2022,0,8.200
01-oct-2022,0,1.100
02-oct-2022,0,0.000
03-oct-2022,0,1.200
04-oct-2022,0,11.900
05-oct-2022,0,2.000
06-oct-2022,0,15.700
07-oct-2022,0,1.700
08-oct-2022,0,0.000
09-oct-2022,0,4.600
10-oct-2022,0,0.000
11-oct-2022,0,0.300
12-oct-2022,0,0.000
13-oct-2022,0,0.000
14-oct-2022,0,2.700
15-oct-2022,0,0.800
16-oct-2022,0,6.400
17-oct-2022,0,0.000
18-oct-2022,0,9.400
19-oct-2022,0,18.700
20-oct-2022,0,2.600
21-oct-2022,0,6.800
22-oct-2022,0,1.300
23-oct-2022,0,7.600
24-oct-2022,0,3.000
25-oct-2022,0,6.400
26-oct-2022,0,6.500
27-oct-2022,0,6.300
28-oct-2022,0,2.100
29-oct-2022,0,2.100
30-oct-2022,0,0.300
31-oct-2022,0,11.100
01-nov-2022,0,0.900
02-nov-2022,0,5.700
03-nov-2022,0,0.400
04-nov-2022,0,0.200
05-nov-2022,0,2.900
06-nov-2022,0,2.600
07-nov-2022,0,1.300
08-nov-2022,0,0.300
09-nov-2022,0,0.200
10-nov-2022,0,0.200
11-nov-2022,0,5.500
12-nov-2022,0,0.200
13-nov-2022,0,16.800
14-nov-2022,0,2.600
15-nov-2022,0,1.800
16-nov-2022,0,0.500
17-nov-2022,0,0.000
18-nov-2022,0,0.100
19-nov-2022,0,3.100
20-nov-2022,0,6.300
21-nov-2022,0,1.600
22-nov-2022,0,10.700
23-nov-2022,0,2.600
24-nov-2022,0,0.100
25-nov-2022,0,0.000
26-nov-2022,0,0.600
27-nov-2022,0,1.000
28-nov-2022,0,0.500
29-nov-2022,0,0.000
30-nov-2022,0,0.000
01-dec-2022,0,0.000
02-dec-2022,0,0.000
03-dec-2022,0,4.600
04-dec-2022,0,14.600
05-dec-2022,0,4.000
06-dec-2022,0,0.000
07-dec-2022,0,0.000
08-dec-2022,0,1.600
09-dec-2022,0,0.000
10-dec-2022,0,0.000
11-dec-2022,0,0.000
12-dec-2022,0,0.000
13-dec-2022,0,1.500
14-dec-2022,0,0.000
15-dec-2022,0,0.000
16-dec-2022,0,0.000
17-dec-2022,1,1.600
18-dec-2022,1,1.000
19-dec-2022,0,1.300
20-dec-2022,0,0.000
21-dec-2022,0,2.200
22-dec-2022,0,3.400
23-dec-2022,0,6.500
24-dec-2022,0,11.000
25-dec-2022,0,8.800
26-dec-2022,0,0.700
27-dec-2022,0,3.000
28-dec-2022,0,1.200
29-dec-2022,0,3.600
30-dec-2022,0,7.400
31-dec-2022,0,3.200
01-jan-2023,0,1.800
02-jan-2023,0,0.800
03-jan-2023,0,2.300
04-jan-2023,0,0.500
05-jan-2023,0,0.800
06-jan-2023,0,4.700
07-jan-2023,0,4.100
08-jan-2023,0,0.600
09-jan-2023,0,9.600
10-jan-2023,0,4.400
11-jan-2023,0,7.000
12-jan-2023,0,1.400
13-jan-2023,0,5.700
14-jan-2023,0,2.600
15-jan-2023,0,0.400
16-jan-2023,0,0.000
17-jan-2023,0,0.200
18-jan-2023,0,0.000
19-jan-2023,0,0.000
20-jan-2023,0,0.000
21-jan-2023,0,0.000
22-jan-2023,0,0.500
23-jan-2023,0,0.100
24-jan-2023,0,0.400
25-jan-2023,0,0.200
26-jan-2023,0,0.000
27-jan-2023,0,0.000
28-jan-2023,0,0.000
29-jan-2023,0,0.300
30-jan-2023,0,0.300
31-jan-2023,0,0.000
01-feb-2023,0,0.000
02-feb-2023,0,0.200
03-feb-2023,0,0.000
04-feb-2023,0,0.900
05-feb-2023,0,0.000
06-feb-2023,0,0.000
07-feb-2023,0,0.000
08-feb-2023,0,0.400
09-feb-2023,0,0.000
10-feb-2023,0,0.000
11-feb-2023,0,0.000
12-feb-2023,0,0.100
13-feb-2023,0,0.000
14-feb-2023,0,3.600
15-feb-2023,0,7.000
16-feb-2023,0,0.700
17-feb-2023,0,0.900
18-feb-2023,0,0.900
19-feb-2023,0,0.000
20-feb-2023,0,0.000
21-feb-2023,0,2.400
22-feb-2023,0,1.300
23-feb-2023,0,0.000
24-feb-2023,0,0.000
25-feb-2023,0,0.000
26-feb-2023,0,0.000
27-feb-2023,0,0.800
28-feb-2023,0,0.000
01-mar-2023,0,1.200
02-mar-2023,0,0.900
03-mar-2023,0,0.000
04-mar-2023,0,0.000
05-mar-2023,0,0.700
06-mar-2023,0,2.100
07-mar-2023,0,0.000
08-mar-2023,0,3.000
09-mar-2023,0,26.700
10-mar-2023,0,5.700
11-mar-2023,0,10.900
12-mar-2023,0,2.400
13-mar-2023,0,8.700
14-mar-2023,0,1.100
15-mar-2023,0,14.000
16-mar-2023,0,0.000
17-mar-2023,0,2.100
18-mar-2023,0,1.700
19-mar-2023,0,4.100
20-mar-2023,0,3.800
21-mar-2023,0,4.100
22-mar-2023,0,2.700
23-mar-2023,0,1.600
24-mar-2023,0,1.000
25-mar-2023,0,0.800
26-mar-2023,0,0.000
27-mar-2023,0,4.700
28-mar-2023,0,1.600
29-mar-2023,0,4.300
30-mar-2023,0,5.700
31-mar-2023,0,16.500
01-apr-2023,0,2.600
02-apr-2023,0,0.000
03-apr-2023,0,2.100
04-apr-2023,0,0.000
05-apr-2023,0,1.700
06-apr-2023,0,0.000
07-apr-2023,0,0.000
08-apr-2023,0,0.000
09-apr-2023,0,1.600
10-apr-2023,0,4.100
11-apr-2023,0,10.000
12-apr-2023,0,5.100
13-apr-2023,0,0.200
14-apr-2023,0,0.000
15-apr-2023,0,6.400
16-apr-2023,0,0.000
17-apr-2023,0,0.000
18-apr-2023,0,0.000
19-apr-2023,0,0.000
20-apr-2023,0,0.000
21-apr-2023,0,1.200
22-apr-2023,0,12.900
23-apr-2023,0,3.200
24-apr-2023,0,1.200
25-apr-2023,0,0.000
26-apr-2023,0,0.000
27-apr-2023,0,0.200
28-apr-2023,0,5.200
29-apr-2023,0,6.800
30-apr-2023,0,12.800
01-may-2023,0,0.400
02-may-2023,0,0.000
03-may-2023,0,0.000
04-may-2023,0,5.100
05-may-2023,0,0.200
06-may-2023,0,2.400
07-may-2023,0,6.800
08-may-2023,0,3.100
09-may-2023,0,0.800
10-may-2023,0,3.400
11-may-2023,0,7.300
12-may-2023,0,0.000
13-may-2023,0,0.000
14-may-2023,0,0.800
15-may-2023,0,0.000
16-may-2023,0,0.000
17-may-2023,0,0.000
18-may-2023,0,0.200
19-may-2023,0,0.000
20-may-2023,0,0.000
21-may-2023,0,0.000
22-may-2023,0,0.000
23-may-2023,0,0.000
24-may-2023,0,0.000
25-may-2023,0,0.000
26-may-2023,0,0.000
27-may-2023,0,0.000
28-may-2023,0,0.000
29-may-2023,0,0.000
30-may-2023,0,0.000
31-may-2023,0,0.000
01-jun-2023,0,0.000
02-jun-2023,0,0.000
03-jun-2023,0,0.000
04-jun-2023,0,0.000
05-jun-2023,0,0.000
06-jun-2023,0,0.000
07-jun-2023,0,0.000
08-jun-2023,0,0.000
09-jun-2023,0,0.000
10-jun-2023,0,0.900
11-jun-2023,0,0.000
12-jun-2023,0,1.500
13-jun-2023,0,0.000
14-jun-2023,0,0.000
15-jun-2023,0,0.000
16-jun-2023,0,14.500
17-jun-2023,0,2.200
18-jun-2023,0,0.000
19-jun-2023,0,0.000
20-jun-2023,0,2.800
21-jun-2023,0,0.100
22-jun-2023,0,1.000
23-jun-2023,0,0.600
24-jun-2023,1,5.000
25-jun-2023,1,2.000
26-jun-2023,0,1.000
27-jun-2023,0,0.200
28-jun-2023,0,2.700
29-jun-2023,0,1.100
30-jun-2023,0,2.200
01-jul-2023,0,0.500
02-jul-2023,0,0.700
03-jul-2023,0,6.100
04-jul-2023,0,1.600
05-jul-2023,0,2.200
06-jul-2023,0,1.200
07-jul-2023,0,0.000
08-jul-2023,0,0.000
09-jul-2023,0,5.200
10-jul-2023,0,9.900
11-jul-2023,0,2.700
12-jul-2023,0,0.000
13-jul-2023,0,3.800
14-jul-2023,0,19.800
15-jul-2023,0,15.200
16-jul-2023,0,3.100
17-jul-2023,0,3.300
18-jul-2023,0,15.600
19-jul-2023,0,0.700
20-jul-2023,0,2.600
21-jul-2023,0,9.800
22-jul-2023,0,25.600
23-jul-2023,0,4.700
24-jul-2023,0,0.000
25-jul-2023,0,0.000
26-jul-2023,0,7.100
27-jul-2023,0,0.000
28-jul-2023,0,0.000
29-jul-2023,0,2.300
30-jul-2023,0,4.300
31-jul-2023,0,7.000
01-aug-2023,0,9.800
02-aug-2023,0,1.200
03-aug-2023,0,0.300
04-aug-2023,0,37.000
05-aug-2023,0,2.800
06-aug-2023,0,5.400
07-aug-2023,0,0.200
08-aug-2023,0,0.100
09-aug-2023,0,0.000
10-aug-2023,0,0.000
11-aug-2023,0,1.300
12-aug-2023,0,1.100
13-aug-2023,0,0.000
14-aug-2023,0,0.000
15-aug-2023,0,0.000
16-aug-2023,0,0.000
17-aug-2023,0,1.100
18-aug-2023,0,14.800
19-aug-2023,0,0.400
20-aug-2023,0,0.000
21-aug-2023,0,0.000
22-aug-2023,0,0.300
23-aug-2023,0,0.900
24-aug-2023,0,0.000
25-aug-2023,0,2.000
26-aug-2023,0,7.100
27-aug-2023,0,1.000
28-aug-2023,0,0.600
29-aug-2023,0,0.000
30-aug-2023,0,0.000
31-aug-2023,0,1.100
01-sep-2023,0,3.200
02-sep-2023,0,0.000
03-sep-2023,0,0.000
04-sep-2023,0,0.000
05-sep-2023,0,0.000
06-sep-2023,0,0.000
07-sep-2023,0,0.000
08-sep-2023,0,0.000
09-sep-2023,0,0.000
10-sep-2023,0,4.700
11-sep-2023,0,8.200
12-sep-2023,0,0.000
13-sep-2023,0,2.100
14-sep-2023,0,9.200
15-sep-2023,0,17.300
16-sep-2023,0,5.900
17-sep-2023,0,7.100
18-sep-2023,0,8.500
19-sep-2023,0,7.500
20-sep-2023,0,0.800
21-sep-2023,0,0.000
22-sep-2023,0,0.000
23-sep-2023,0,1.400
24-sep-2023,0,3.100
25-sep-2023,0,2.000
26-sep-2023,0,3.700
27-sep-2023,0,10.400
28-sep-2023,0,1.700
29-sep-2023,0,0.000
30-sep-2023,0,9.400
01-oct-2023,0,0.000
02-oct-2023,0,0.000
03-oct-2023,0,0.200
04-oct-2023,0,3.200
05-oct-2023,0,4.100
06-oct-2023,0,0.000
07-oct-2023,0,0.000
08-oct-2023,0,0.000
09-oct-2023,0,0.000
10-oct-2023,0,2.700
11-oct-2023,0,1.100
12-oct-2023,0,3.300
13-oct-2023,0,0.000
14-oct-2023,0,0.800
15-oct-2023,0,0.000
16-oct-2023,0,0.000
17-oct-2023,0,13.600
18-oct-2023,0,29.900
19-oct-2023,0,6.900
20-oct-2023,0,30.700
21-oct-2023,0,0.000
22-oct-2023,0,0.800
23-oct-2023,0,7.000
24-oct-2023,0,1.400
25-oct-2023,0,2.900
26-oct-2023,0,0.400
27-oct-2023,0,2.100
28-oct-2023,0,10.500
29-oct-2023,0,2.500
30-oct-2023,0,7.300
31-oct-2023,0,5.000
01-nov-2023,0,0.700
02-nov-2023,0,2.700
03-nov-2023,0,9.400
04-nov-2023,0,1.200
05-nov-2023,0,0.600
06-nov-2023,0,0.000
07-nov-2023,0,2.700
08-nov-2023,0,1.100
09-nov-2023,0,2.000
10-nov-2023,0,0.200
11-nov-2023,0,3.200
12-nov-2023,0,21.100
13-nov-2023,0,0.200
14-nov-2023,0,0.400
15-nov-2023,0,0.000
16-nov-2023,0,1.100
17-nov-2023,0,11.100
18-nov-2023,0,2.900
19-nov-2023,0,2.100
20-nov-2023,0,0.000
21-nov-2023,0,0.000
22-nov-2023,0,0.400
23-nov-2023,0,0.100
24-nov-2023,0,0.000
25-nov-2023,0,0.000
26-nov-2023,0,5.700
27-nov-2023,0,0.000
28-nov-2023,0,0.000
29-nov-2023,0,2.200
30-nov-2023,0,0.200
01-dec-2023,0,0.000
02-dec-2023,0,0.700
03-dec-2023,0,3.100
04-dec-2023,0,0.100
05-dec-2023,0,0.200
06-dec-2023,0,3.500
07-dec-2023,0,5.400
08-dec-2023,0,9.300
09-dec-2023,0,7.900
10-dec-2023,0,3.900
11-dec-2023,0,10.000
12-dec-2023,0,0.400
13-dec-2023,0,0.200
14-dec-2023,0,0.000
15-dec-2023,0,0.000
16-dec-2023,0,0.000
17-dec-2023,0,1.200
18-dec-2023,0,0.400
19-dec-2023,0,0.000
20-dec-2023,0,0.300
21-dec-2023,0,0.800
22-dec-2023,0,0.200
23-dec-2023,0,2.600
24-dec-2023,0,0.900
25-dec-2023,0,0.500
26-dec-2023,0,22.100
27-dec-2023,0,11.800
28-dec-2023,0,2.600
29-dec-2023,0,7.200
30-dec-2023,0,4.200
31-dec-2023,0,2.500
01-jan-2024,0,11.200
02-jan-2024,0,7.700
03-jan-2024,0,0.100
04-jan-2024,0,0.000
05-jan-2024,0,0.000
06-jan-2024,0,0.000
07-jan-2024,0,1.800
08-jan-2024,0,0.000
09-jan-2024,0,0.000
10-jan-2024,0,0.000
11-jan-2024,0,0.000
12-jan-2024,0,0.000
13-jan-2024,0,0.100
14-jan-2024,0,0.000
15-jan-2024,0,0.000
16-jan-2024,0,0.000
17-jan-2024,0,0.000
18-jan-2024,0,0.000
19-jan-2024,0,2.400
20-jan-2024,0,3.300
21-jan-2024,0,5.400
22-jan-2024,0,0.400
23-jan-2024,0,7.400
24-jan-2024,0,2.100
25-jan-2024,0,1.800
26-jan-2024,0,0.000
27-jan-2024,0,0.000
28-jan-2024,0,8.600
29-jan-2024,0,2.300
30-jan-2024,0,0.000
31-jan-2024,0,2.600
01-feb-2024,0,0.000
02-feb-2024,0,0.300
03-feb-2024,0,0.200
04-feb-2024,0,0.000
05-feb-2024,0,6.100
06-feb-2024,0,3.200
07-feb-2024,0,9.200
08-feb-2024,0,14.700
09-feb-2024,0,0.500
10-feb-2024,0,0.200
11-feb-2024,0,0.200
12-feb-2024,0,1.000
13-feb-2024,0,4.900
14-feb-2024,0,10.200
15-feb-2024,0,2.900
16-feb-2024,0,0.300
17-feb-2024,0,3.400
18-feb-2024,0,0.400
19-feb-2024,0,0.000
20-feb-2024,0,3.900
21-feb-2024,0,4.800
22-feb-2024,0,0.000
23-feb-2024,0,0.300
24-feb-2024,0,0.000
25-feb-2024,0,0.600
26-feb-2024,0,0.400
27-feb-2024,0,0.800
28-feb-2024,0,3.400
29-feb-2024,0,14.400
01-mar-2024,0,26.200
02-mar-2024,0,0.000
03-mar-2024,0,0.000
04-mar-2024,0,1.400
05-mar-2024,0,0.000
06-mar-2024,0,0.000
07-mar-2024,0,0.000
08-mar-2024,0,0.000
09-mar-2024,0,0.900
10-mar-2024,0,3.600
11-mar-2024,0,9.000
12-mar-2024,0,2.400
13-mar-2024,0,19.300
14-mar-2024,0,1.600
15-mar-2024,0,0.000
16-mar-2024,0,4.600
17-mar-2024,0,0.200
18-mar-2024,0,1.000
19-mar-2024,0,4.200
20-mar-2024,0,0.200
21-mar-2024,0,0.800
22-mar-2024,0,1.200
23-mar-2024,0,0.600
24-mar-2024,0,7.000
25-mar-2024,0,3.900
26-mar-2024,0,0.400
27-mar-2024,0,3.200
28-mar-2024,0,0.200
29-mar-2024,0,0.400
30-mar-2024,0,1.300
31-mar-2024,0,1.200
01-apr-2024,0,0.600
02-apr-2024,0,8.400
03-apr-2024,0,7.500
04-apr-2024,0,8.500
05-apr-2024,0,1.200
06-apr-2024,0,2.900
07-apr-2024,0,1.100
08-apr-2024,0,19.000
09-apr-2024,0,5.600
10-apr-2024,0,3.100
11-apr-2024,0,3.400
12-apr-2024,0,0.200
13-apr-2024,0,0.200
14-apr-2024,0,6.300
15-apr-2024,0,1.000
16-apr-2024,0,1.400
17-apr-2024,0,2.400
18-apr-2024,0,0.000
19-apr-2024,0,0.200
20-apr-2024,0,0.000
21-apr-2024,0,0.000
22-apr-2024,0,0.000
23-apr-2024,0,0.000
24-apr-2024,0,0.000
25-apr-2024,0,0.000
26-apr-2024,0,0.000
27-apr-2024,0,0.000
28-apr-2024,0,3.800
29-apr-2024,0,6.500
30-apr-2024,0,0.300
01-may-2024,0,2.400
02-may-2024,0,0.400
03-may-2024,0,0.000
04-may-2024,0,0.300
05-may-2024,0,0.000
06-may-2024,0,0.000
07-may-2024,0,0.000
08-may-2024,0,0.000
09-may-2024,0,0.000
10-may-2024,0,0.000
11-may-2024,0,0.000
12-may-2024,0,0.000
13-may-2024,0,18.400
14-may-2024,0,1.100
15-may-2024,0,0.000
16-may-2024,0,0.000
17-may-2024,0,0.000
18-may-2024,0,0.000
19-may-2024,0,0.000
20-may-2024,0,0.000
21-may-2024,0,2.600
22-may-2024,0,0.000
23-may-2024,0,0.700
24-may-2024,0,2.000
25-may-2024,0,2.600
26-may-2024,0,2.600
27-may-2024,0,7.000
28-may-2024,0,0.200
29-may-2024,0,0.000
30-may-2024,0,0.200
31-may-2024,0,0.000
01-jun-2024,0,0.000
02-jun-2024,0,0.000
03-jun-2024,0,0.000
04-jun-2024,0,0.000
05-jun-2024,0,0.000
06-jun-2024,0,0.100
07-jun-2024,0,0.000
08-jun-2024,0,0.400
09-jun-2024,0,0.000
10-jun-2024,0,1.900
11-jun-2024,0,0.700
12-jun-2024,0,0.000
13-jun-2024,0,5.500
14-jun-2024,0,2.200
15-jun-2024,0,0.500
16-jun-2024,0,1.200
17-jun-2024,0,0.000
18-jun-2024,0,0.000
19-jun-2024,0,0.000
20-jun-2024,0,0.000
21-jun-2024,0,2.000
22-jun-2024,0,0.000
23-jun-2024,0,0.000
24-jun-2024,0,0.000
25-jun-2024,0,1.400
26-jun-2024,0,0.000
27-jun-2024,0,0.300
28-jun-2024,0,2.400
29-jun-2024,0,3.100
30-jun-2024,0,3.400
01-jul-2024,0,0.000
02-jul-2024,0,0.000
03-jul-2024,0,0.000
04-jul-2024,0,0.300
05-jul-2024,0,2.600
06-jul-2024,0,0.000
07-jul-2024,0,6.200
08-jul-2024,0,0.000
09-jul-2024,0,11.200
10-jul-2024,0,3.200
11-jul-2024,0,0.000
12-jul-2024,0,1.400
13-jul-2024,0,0.300
14-jul-2024,0,0.000
15-jul-2024,0,0.000
16-jul-2024,0,0.000
17-jul-2024,0,1.000
18-jul-2024,0,0.500
19-jul-2024,0,0.800
20-jul-2024,0,2.200
21-jul-2024,0,3.000
22-jul-2024,0,12.000
23-jul-2024,0,0.000
24-jul-2024,0,0.000
25-jul-2024,0,0.100
26-jul-2024,0,0.700
27-jul-2024,0,0.000
28-jul-2024,0,0.000
29-jul-2024,0,1.200
30-jul-2024,0,0.000
31-jul-2024,0,0.000
01-aug-2024,0,0.000
02-aug-2024,0,0.400
03-aug-2024,0,0.800
04-aug-2024,0,1.400
05-aug-2024,0,2.800
06-aug-2024,0,0.000
07-aug-2024,0,0.200
08-aug-2024,0,0.900
09-aug-2024,0,0.000
10-aug-2024,0,0.000
11-aug-2024,0,0.300
12-aug-2024,0,0.000
13-aug-2024,0,0.200
14-aug-2024,0,2.600
15-aug-2024,0,1.200
16-aug-2024,0,0.000
17-aug-2024,0,0.000
18-aug-2024,0,0.000
19-aug-2024,1,1.900
20-aug-2024,1,2.100
21-aug-2024,0,3.400
22-aug-2024,0,17.700
23-aug-2024,0,0.400
24-aug-2024,0,1.000
25-aug-2024,0,1.400
26-aug-2024,1,1.000
27-aug-2024,1,2.200
28-aug-2024,0,1.100
29-aug-2024,0,0.000
30-aug-2024,0,0.000
31-aug-2024,0,0.000
01-sep-2024,0,0.400
02-sep-2024,0,1.900
03-sep-2024,0,0.100
04-sep-2024,0,1.200
05-sep-2024,0,0.000
06-sep-2024,0,0.000
07-sep-2024,0,0.000
08-sep-2024,0,0.000
09-sep-2024,0,0.000
10-sep-2024,0,0.100
11-sep-2024,0,2.300
12-sep-2024,0,0.000
13-sep-2024,0,0.000
14-sep-2024,0,2.800
15-sep-2024,0,1.100
16-sep-2024,0,0.000
17-sep-2024,0,0.000
18-sep-2024,0,0.000
19-sep-2024,0,0.000
20-sep-2024,0,0.000
21-sep-2024,0,3.000
22-sep-2024,0,0.000
23-sep-2024,0,0.000
24-sep-2024,0,0.000
25-sep-2024,0,10.200
26-sep-2024,0,14.200
27-sep-2024,0,0.000
28-sep-2024,0,0.000
29-sep-2024,0,5.000
30-sep-2024,0,7.700
01-oct-2024,0,0.000
02-oct-2024,0,0.000
03-oct-2024,0,0.000
04-oct-2024,0,0.000
05-oct-2024,0,0.600
06-oct-2024,0,0.300
07-oct-2024,0,12.800
08-oct-2024,0,2.700
09-oct-2024,0,1.000
10-oct-2024,0,0.000
11-oct-2024,0,0.000
12-oct-2024,0,0.800
13-oct-2024,0,0.000
14-oct-2024,0,0.000
15-oct-2024,0,18.700
16-oct-2024,0,1.400
17-oct-2024,0,0.000
18-oct-2024,0,6.000
19-oct-2024,0,0.700
20-oct-2024,0,0.500
21-oct-2024,0,0.000
22-oct-2024,0,0.000
23-oct-2024,0,0.000
24-oct-2024,0,0.700
25-oct-2024,0,0.600
26-oct-2024,0,1.000
27-oct-2024,0,3.800
28-oct-2024,0,1.100
29-oct-2024,0,0.000
30-oct-2024,0,0.000
31-oct-2024,0,0.000
01-nov-2024,0,0.000
02-nov-2024,0,0.000
03-nov-2024,0,0.400
04-nov-2024,0,0.000
05-nov-2024,0,0.000
06-nov-2024,0,0.000
07-nov-2024,0,0.000
08-nov-2024,0,0.000
09-nov-2024,0,1.000
10-nov-2024,0,0.000
11-nov-2024,0,0.000
12-nov-2024,0,0.300
13-nov-2024,0,0.000
14-nov-2024,0,0.000
15-nov-2024,0,2.000
16-nov-2024,0,0.000
17-nov-2024,0,2.800
18-nov-2024,0,23.400
19-nov-2024,0,0.000
20-nov-2024,0,0.000
21-nov-2024,0,0.000
22-nov-2024,0,16.200
23-nov-2024,0,11.000
24-nov-2024,0,0.200
25-nov-2024,0,0.000
26-nov-2024,0,0.200
27-nov-2024,0,0.400
28-nov-2024,0,0.000
29-nov-2024,0,1.100
30-nov-2024,0,0.800
01-dec-2024,0,0.000
02-dec-2024,0,0.000
03-dec-2024,0,0.900
04-dec-2024,0,2.900
05-dec-2024,0,7.200
06-dec-2024,0,10.100
07-dec-2024,0,0.500
08-dec-2024,0,0.000
09-dec-2024,0,0.000
10-dec-2024,0,0.000
11-dec-2024,0,0.000
12-dec-2024,0,0.000
13-dec-2024,0,0.000
14-dec-2024,0,0.000
15-dec-2024,0,0.800
16-dec-2024,0,0.500
17-dec-2024,0,1.300
18-dec-2024,0,0.400
19-dec-2024,0,0.000
20-dec-2024,0,1.900
21-dec-2024,0,3.100
22-dec-2024,0,0.900
23-dec-2024,0,0.500
24-dec-2024,0,0.000
25-dec-2024,0,0.000
26-dec-2024,0,0.200
27-dec-2024,0,0.000
28-dec-2024,0,0.000
29-dec-2024,0,0.000
30-dec-2024,0,0.000
31-dec-2024,0,18.600
01-jan-2025,0,0.000
02-jan-2025,0,0.000
03-jan-2025,0,0.000
04-jan-2025,0,13.800
05-jan-2025,0,15.800
06-jan-2025,0,0.000
07-jan-2025,0,0.000
08-jan-2025,0,0.000
09-jan-2025,0,0.000
10-jan-2025,0,1.000
11-jan-2025,0,0.000
12-jan-2025,0,0.000
13-jan-2025,0,1.200
14-jan-2025,0,0.200
15-jan-2025,0,0.000
16-jan-2025,0,0.000
17-jan-2025,0,0.000
18-jan-2025,0,0.000
19-jan-2025,0,1.400
20-jan-2025,0,1.700
21-jan-2025,0,0.800
22-jan-2025,0,5.400
23-jan-2025,0,2.100
24-jan-2025,0,3.500
25-jan-2025,0,1.200
26-jan-2025,0,9.700
27-jan-2025,0,8.800
28-jan-2025,0,0.000
29-jan-2025,0,3.400
30-jan-2025,0,3.000
31-jan-2025,0,0.000
01-feb-2025,0,0.800
02-feb-2025,0,0.000
03-feb-2025,0,5.600
04-feb-2025,0,0.000
05-feb-2025,0,0.000
06-feb-2025,0,0.000
07-feb-2025,0,0.200
08-feb-2025,0,0.600
09-feb-2025,0,0.000
10-feb-2025,0,4.300
11-feb-2025,0,0.000
12-feb-2025,0,0.000
13-feb-2025,0,0.400
14-feb-2025,0,3.100
15-feb-2025,0,1.700
16-feb-2025,0,0.000
17-feb-2025,0,0.800
18-feb-2025,0,2.400
19-feb-2025,0,4.100
20-feb-2025,0,3.200
21-feb-2025,0,4.000
22-feb-2025,0,1.200
23-feb-2025,0,8.300
24-feb-2025,0,3.900
25-feb-2025,0,1.000
26-feb-2025,0,1.200
27-feb-2025,0,0.000
28-feb-2025,0,0.000
01-mar-2025,0,0.000
02-mar-2025,0,0.000
03-mar-2025,0,0.000
04-mar-2025,0,0.000
05-mar-2025,0,0.000
06-mar-2025,0,1.800
07-mar-2025,0,3.100
08-mar-2025,0,0.000
09-mar-2025,0,0.000
10-mar-2025,0,0.000
11-mar-2025,0,0.000
12-mar-2025,0,0.000
13-mar-2025,0,1.800
14-mar-2025,0,0.000
15-mar-2025,0,0.000
16-mar-2025,0,0.000
17-mar-2025,0,0.000
18-mar-2025,0,0.000
19-mar-2025,0,0.000
20-mar-2025,0,0.000
21-mar-2025,0,3.700
22-mar-2025,0,12.000
23-mar-2025,0,0.000
24-mar-2025,0,0.000
25-mar-2025,0,0.000
26-mar-2025,0,0.000
27-mar-2025,0,2.500
28-mar-2025,0,1.800
29-mar-2025,0,0.200
30-mar-2025,0,0.000
31-mar-2025,0,0.000
01-apr-2025,0,0.000
02-apr-2025,0,0.000
03-apr-2025,0,0.000
04-apr-2025,0,0.000
05-apr-2025,0,0.000
06-apr-2025,0,0.000
07-apr-2025,0,0.000
08-apr-2025,0,0.000
09-apr-2025,0,0.000
10-apr-2025,0,0.000
11-apr-2025,0,0.000
12-apr-2025,0,0.000
13-apr-2025,0,1.800
14-apr-2025,0,0.400
15-apr-2025,0,17.400
16-apr-2025,0,7.300
17-apr-2025,0,5.000
18-apr-2025,0,24.100
19-apr-2025,0,1.700
20-apr-2025,0,2.900
21-apr-2025,0,2.600
22-apr-2025,0,19.400
23-apr-2025,0,0.000
24-apr-2025,0,4.000
25-apr-2025,0,3.000
26-apr-2025,0,0.000
27-apr-2025,0,0.000
28-apr-2025,0,0.000
29-apr-2025,0,0.000
30-apr-2025,0,0.000
01-may-2025,0,0.000
02-may-2025,0,0.000
03-may-2025,0,0.000
04-may-2025,0,0.000
05-may-2025,0,0.000
06-may-2025,0,0.000
07-may-2025,0,0.000
08-may-2025,0,0.000
09-may-2025,0,0.000
10-may-2025,0,0.000
11-may-2025,0,1.000
12-may-2025,0,0.600
13-may-2025,0,0.000
14-may-2025,0,0.000
15-may-2025,0,0.000
16-may-2025,0,0.000
17-may-2025,0,0.000
18-may-2025,0,0.000
19-may-2025,0,0.000
20-may-2025,0,2.700
21-may-2025,0,0.000
22-may-2025,0,0.000
23-may-2025,0,4.400
24-may-2025,0,5.000
25-may-2025,0,3.600
26-may-2025,0,6.400
27-may-2025,0,6.200
28-may-2025,0,5.200
29-may-2025,0,10.000
30-may-2025,0,0.200
31-may-2025,0,3.900
01-jun-2025,0,0.400
02-jun-2025,0,8.500
03-jun-2025,0,1.600
04-jun-2025,0,4.200
05-jun-2025,0,1.400
06-jun-2025,0,3.200
07-jun-2025,0,0.400
08-jun-2025,0,0.000
09-jun-2025,0,3.000
10-jun-2025,0,0.000
11-jun-2025,0,3.000
12-jun-2025,0,21.700
13-jun-2025,0,13.200
14-jun-2025,0,10.400
15-jun-2025,0,0.200
16-jun-2025,0,0.000
17-jun-2025,0,1.000
18-jun-2025,0,0.000
19-jun-2025,0,0.000
20-jun-2025,0,0.000
21-jun-2025,0,0.000
22-jun-2025,0,0.300
23-jun-2025,0,1.400
24-jun-2025,0,0.000
25-jun-2025,0,1.000
26-jun-2025,0,2.400
27-jun-2025,0,0.400
28-jun-2025,0,3.600
29-jun-2025,0,0.000
30-jun-2025,0,2.400
01-jul-2025,0,0.600
02-jul-2025,0,0.200
03-jul-2025,0,0.200
04-jul-2025,0,0.000
05-jul-2025,0,0.200
06-jul-2025,0,0.200
07-jul-2025,0,0.000
08-jul-2025,0,0.000
09-jul-2025,0,0.000
10-jul-2025,0,0.000
11-jul-2025,0,0.000
12-jul-2025,0,0.000
13-jul-2025,0,3.300
14-jul-2025,0,8.400
15-jul-2025,0,11.100
16-jul-2025,0,0.000
17-jul-2025,0,1.200
18-jul-2025,0,1.400
19-jul-2025,0,0.800
20-jul-2025,0,48.000
21-jul-2025,0,11.200
22-jul-2025,0,0.000
23-jul-2025,0,0.000
24-jul-2025,0,0.000
25-jul-2025,0,0.000
26-jul-2025,0,0.800
27-jul-2025,0,2.400
28-jul-2025,0,1.900
29-jul-2025,0,0.700
30-jul-2025,0,1.000
31-jul-2025,0,0.000
01-aug-2025,0,0.000
02-aug-2025,0,0.600
03-aug-2025,0,1.300
04-aug-2025,0,0.400
05-aug-2025,0,0.000
06-aug-2025,0,0.500
07-aug-2025,0,0.000
08-aug-2025,0,0.000
09-aug-2025,0,0.000
10-aug-2025,0,0.000
11-aug-2025,0,0.000
12-aug-2025,0,0.000
13-aug-2025,0,0.000
14-aug-2025,0,0.000
15-aug-2025,0,0.000
16-aug-2025,0,0.000
17-aug-2025,0,0.000
18-aug-2025,0,0.000
19-aug-2025,0,0.000
20-aug-2025,0,0.000
21-aug-2025,0,0.000
22-aug-2025,0,1.400
23-aug-2025,0,9.400
24-aug-2025,0,0.200
25-aug-2025,0,0.600
26-aug-2025,0,14.200
27-aug-2025,0,1.800
28-aug-2025,0,0.100
29-aug-2025,0,1.200
30-aug-2025,0,3.400
31-aug-2025,0,1.100
01-sep-2025,0,0.800
02-sep-2025,0,12.500
03-sep-2025,0,8.100
04-sep-2025,0,4.400
05-sep-2025,0,0.000
06-sep-2025,0,0.000
07-sep-2025,0,2.200
08-sep-2025,0,0.000
09-sep-2025,0,1.700
10-sep-2025,0,10.500
11-sep-2025,0,0.000
12-sep-2025,0,2.800
13-sep-2025,0,1.200
14-sep-2025,0,6.100
15-sep-2025,0,0.200
16-sep-2025,0,16.900
17-sep-2025,0,0.000
18-sep-2025,0,3.600
19-sep-2025,0,4.900
20-sep-2025,0,0.000
21-sep-2025,0,0.500
22-sep-2025,0,0.000
23-sep-2025,0,0.000
24-sep-2025,0,0.000
25-sep-2025,0,0.000
26-sep-2025,0,0.400
27-sep-2025,0,9.900
28-sep-2025,0,0.200
29-sep-2025,0,0.500
30-sep-2025,0,6.800
01-oct-2025,0,1.500
02-oct-2025,0,12.100
03-oct-2025,0,11.400
04-oct-2025,0,1.800
05-oct-2025,0,0.000
06-oct-2025,0,0.000
07-oct-2025,0,1.500
08-oct-2025,0,0.000
09-oct-2025,0,0.000
10-oct-2025,0,0.000
11-oct-2025,0,0.000
12-oct-2025,0,0.000
13-oct-2025,0,0.000
14-oct-2025,0,1.100
15-oct-2025,0,0.000
16-oct-2025,0,0.000
17-oct-2025,0,0.000
18-oct-2025,0,11.100
19-oct-2025,0,14.800
20-oct-2025,0,3.000
21-oct-2025,0,0.000
22-oct-2025,0,2.400
23-oct-2025,0,4.100
24-oct-2025,0,0.700
25-oct-2025,0,0.200
26-oct-2025,0,2.000
27-oct-2025,0,2.600
28-oct-2025,0,0.600
29-oct-2025,0,0.000
30-oct-2025,0,7.300
31-oct-2025,0,9.500
01-nov-2025,0,0.000
02-nov-2025,0,1.800
03-nov-2025,0,3.400
04-nov-2025,0,5.400
05-nov-2025,0,5.300
06-nov-2025,0,0.400
07-nov-2025,0,6.300
08-nov-2025,0,2.700
09-nov-2025,0,3.700
10-nov-2025,0,21.500
11-nov-2025,0,4.500
12-nov-2025,0,15.800
13-nov-2025,0,5.600
14-nov-2025,0,19.100
15-nov-2025,0,4.400
16-nov-2025,0,0.000
17-nov-2025,0,0.200
18-nov-2025,0,3.100
19-nov-2025,0,0.000
20-nov-2025,0,0.000
21-nov-2025,0,6.100
22-nov-2025,0,3.600
23-nov-2025,0,3.100
24-nov-2025,0,0.000
25-nov-2025,0,0.000
26-nov-2025,0,0.200
27-nov-2025,0,1.100
28-nov-2025,0,3.000
29-nov-2025,0,2.500
30-nov-2025,0,11.600
01-dec-2025,0,1.600
02-dec-2025,0,0.000
03-dec-2025,0,4.900
04-dec-2025,0,0.000
05-dec-2025,0,4.500
06-dec-2025,0,4.400
07-dec-2025,0,6.800
08-dec-2025,0,7.400
09-dec-2025,0,0.200
10-dec-2025,0,0.800
11-dec-2025,0,9.300
12-dec-2025,0,0.000
13-dec-2025,0,3.100
14-dec-2025,0,2.800
15-dec-2025,0,0.300
16-dec-2025,0,1.700
17-dec-2025,0,2.300
18-dec-2025,0,4.400
19-dec-2025,0,0.000
20-dec-2025,0,0.400
21-dec-2025,0,0.900
22-dec-2025,0,0.700
23-dec-2025,0,0.000
24-dec-2025,0,0.000
25-dec-2025,0,0.000
26-dec-2025,0,0.000
27-dec-2025,0,0.000
28-dec-2025,0,0.000
29-dec-2025,0,0.000
30-dec-2025,0,0.100
31-dec-2025,0,0.100
01-jan-2026,0,0.200
02-jan-2026,0,0.000
03-jan-2026,0,0.000
04-jan-2026,0,0.000
05-jan-2026,0,0.000
06-jan-2026,0,1.100
07-jan-2026,0,0.900
08-jan-2026,0,0.100
09-jan-2026,0,0.000
10-jan-2026,0,5.400
11-jan-2026,0,1.800
12-jan-2026,0,4.200
13-jan-2026,0,0.000
14-jan-2026,0,2.200
15-jan-2026,0,0.500
16-jan-2026,0,2.000
17-jan-2026,0,2.800
18-jan-2026,0,2.400
19-jan-2026,0,5.500
20-jan-2026,0,5.500
21-jan-2026,0,9.400
22-jan-2026,0,4.200
23-jan-2026,0,2.100
24-jan-2026,0,14.600
25-jan-2026,0,0.400
26-jan-2026,0,28.300
27-jan-2026,0,4.100
28-jan-2026,0,0.000
29-jan-2026,0,4.300
30-jan-2026,0,5.400
31-jan-2026,0,1.000
01-feb-2026,0,4.000
02-feb-2026,0,0.000
03-feb-2026,0,1.600
04-feb-2026,0,0.400
05-feb-2026,0,32.700
06-feb-2026,0,3.400
07-feb-2026,0,0.900
08-feb-2026,0,2.100
09-feb-2026,0,1.800
10-feb-2026,0,5.600
11-feb-2026,0,17.100
12-feb-2026,0,40.600
13-feb-2026,0,2.400
14-feb-2026,0,1.500
15-feb-2026,0,6.600
16-feb-2026,0,0.000
17-feb-2026,0,3.200
18-feb-2026,0,5.700
19-feb-2026,0,2.700
20-feb-2026,0,5.200
21-feb-2026,0,3.300
22-feb-2026,0,2.600
23-feb-2026,0,0.500
24-feb-2026,0,0.800
25-feb-2026,0,4.700
26-feb-2026,0,2.400
27-feb-2026,0,0.000
28-feb-2026,0,0.600
01-mar-2026,0,2.800
02-mar-2026,0,0.000
03-mar-2026,0,0.000
04-mar-2026,0,0.000
05-mar-2026,0,10.700
06-mar-2026,0,0.000
07-mar-2026,0,0.000
08-mar-2026,0,1.700
09-mar-2026,0,0.500
10-mar-2026,0,0.900
11-mar-2026,0,0.000
12-mar-2026,0,18.200
13-mar-2026,0,0.200
14-mar-2026,0,2.100
15-mar-2026,0,2.500
16-mar-2026,0,0.500
17-mar-2026,0,1.800
18-mar-2026,0,0.000
19-mar-2026,0,0.000
20-mar-2026,0,0.000
21-mar-2026,0,0.000
22-mar-2026,0,0.000
23-mar-2026,0,0.700
24-mar-2026,0,10.600
25-mar-2026,0,0.500
26-mar-2026,0,3.700
27-mar-2026,0,0.200
28-mar-2026,0,0.000
29-mar-2026,0,0.400
30-mar-2026,0,0.000
31-mar-2026,0,1.200
01-apr-2026,0,2.100
02-apr-2026,0,2.300
03-apr-2026,0,3.200
04-apr-2026,0,2.700
05-apr-2026,0,0.000
06-apr-2026,0,0.000
07-apr-2026,0,0.000
08-apr-2026,0,0.200
09-apr-2026,0,1.700
10-apr-2026,0,3.300
11-apr-2026,0,0.400
12-apr-2026,0,1.800
13-apr-2026,0,0.700
14-apr-2026,0,2.800
15-apr-2026,0,2.900
16-apr-2026,0,0.300
17-apr-2026,0,1.400
18-apr-2026,0,0.000
19-apr-2026,0,0.000
20-apr-2026,0,0.000
21-apr-2026,0,0.000
22-apr-2026,0,0.000
23-apr-2026,0,0.000
24-apr-2026,0,0.000
25-apr-2026,0,0.000
26-apr-2026,0,0.000
27-apr-2026,0,0.000
28-apr-2026,0,0.000
29-apr-2026,0,0.000
30-apr-2026,0,0.000
01-may-2026,0,0.000
02-may-2026,0,0.000
03-may-2026,0,0.000
04-may-2026,0,0.000
05-may-2026,0,0.000
06-may-2026,0,0.000
07-may-2026,0,0.000
08-may-2026,0,1.400
09-may-2026,0,0.000
10-may-2026,0,0.000
11-may-2026,0,0.000
12-may-2026,0,0.800
13-may-2026,0,3.200
14-may-2026,0,1.500
15-may-2026,0,0.500
16-may-2026,0,2.200
17-may-2026,0,6.900
18-may-2026,0,8.100
19-may-2026,0,11.700
20-may-2026,0,3.500
21-may-2026,0,0.000
22-may-2026,0,0.000
23-may-2026,0,0.000
24-may-2026,0,0.000
25-may-2026,0,0.000
26-may-2026,0,0.000
27-may-2026,0,0.200
28-may-2026,0,0.000
29-may-2026,0,0.000
30-may-2026,0,3.300
31-may-2026,0,5.200
01-jun-2026,0,7.500
02-jun-2026,0,7.900
03-jun-2026,0,7.000
04-jun-2026,0,4.200
05-jun-2026,0,6.500
06-jun-2026,0,1.200
07-jun-2026,0,11.000
08-jun-2026,0,2.200
09-jun-2026,0,0.500
10-jun-2026,0,11.400
11-jun-2026,0,2.700
12-jun-2026,0,0.000
13-jun-2026,0,0.000
14-jun-2026,0,0.000
15-jun-2026,0,0.000
16-jun-2026,0,1.400
17-jun-2026,0,1.200
18-jun-2026,0,5.400
19-jun-2026,0,13.900
20-jun-2026,0,0.000
21-jun-2026,0,0.000
22-jun-2026,0,0.100
23-jun-2026,0,0.000
24-jun-2026,0,0.000
25-jun-2026,0,0.000
26-jun-2026,0,0.000
27-jun-2026,0,0.000
28-jun-2026,0,0.100
29-jun-2026,0,1.200
30-jun-2026,0,2.300
01-jul-2026,0,0.500
02-jul-2026,0,0.000
03-jul-2026,0,0.000
04-jul-2026,0,0.000
05-jul-2026,0,0.000
06-jul-2026,0,0.000
07-jul-2026,0,0.000
08-jul-2026,0,0.000
09-jul-2026,0,0.000
10-jul-2026,0,0.000
11-jul-2026,0,0.000
12-jul-2026,0,0.000
13-jul-2026,0,0.000
14-jul-2026,0,0.000
15-jul-2026,0,0.000
16-jul-2026,0,0.000
17-jul-2026,0,0.000
18-jul-2026,0,0.000
19-jul-2026,0,0.000
20-jul-2026,0,0.000
21-jul-2026,0,0.000
22-jul-2026,0,0.000
23-jul-2026,0,0.000
24-jul-2026,0,0.000
25-jul-2026,0,0.000
26-jul-2026,0,0.500
27-jul-2026,0,0.000
28-jul-2026,0,0.000
29-jul-2026,0,0.000
30-jul-2026,0,0.000
31-jul-2026,0,1.900
